0.00000000 0.00000000 1.57079633 
0.09506691 0.72752788 1.60849544 
0.09204355 0.06689376 1.68389366 
-0.04051504 -0.33765475 1.75929189 
-0.07299665 -0.25792517 1.83469011 
0.00392591 0.10401702 1.91008833 
0.02009011 0.18484966 1.98548656 
-0.08317555 -0.00744338 2.06088478 
-0.14754938 -0.10168981 2.13628300 
-0.09288845 -0.00837999 2.21168123 
-0.02039587 0.07827833 2.28707945 
-0.03180864 0.05626520 2.36247768 
-0.08357273 0.00037341 2.43787590 
-0.08647845 -0.00668535 2.51327412 
-0.04307442 0.01752944 2.58867235 
-0.01952603 0.02411420 2.66407057 
-0.03644583 0.01011675 2.73946879 
-0.05475348 -0.00064847 2.81486702 
-0.04692969 -0.00058417 2.89026524 
-0.03003008 0.00090188 2.96566346 
-0.02808369 -0.00103294 3.04106169 
-0.03777792 -0.00318372 3.11645991 
-0.04212251 -0.00383993 3.19185814 
-0.03736758 -0.00462857 3.26725636 
-0.03300765 -0.00575052 3.34265458 
-0.03455366 -0.00571802 3.41805281 
-0.03787817 -0.00472184 3.49345103 
-0.03816084 -0.00448223 3.56884925 
-0.03631586 -0.00527224 3.64424748 
-0.03555998 -0.00564765 3.71964570 
-0.03639065 -0.00495989 3.79504393 
-0.03706845 -0.00422115 3.87044215 
-0.03676486 -0.00430873 3.94584037 
-0.03623421 -0.00474059 4.02123860 
-0.03617626 -0.00469163 4.09663682 
-0.03637803 -0.00424540 4.17203504 
-0.03640354 -0.00403427 4.24743327 
-0.03625330 -0.00420508 4.32283149 
-0.03615183 -0.00435248 4.39822972 
-0.03614889 -0.00423921 4.47362794 
-0.03614880 -0.00406884 4.54902616 
-0.03611561 -0.00406674 4.62442439 
-0.03608435 -0.00416303 4.69982261 
-0.03606488 -0.00418322 4.77522083 
-0.03603938 -0.00411970 4.85061906 
-0.03601208 -0.00408450 4.92601728 
-0.03599884 -0.00411578 5.00141550 
-0.03599163 -0.00415260 5.07681373 
-0.03597246 -0.00415271 5.15221195 
-0.03594596 -0.00414184 5.22761018 
-0.03593024 -0.00415342 5.30300840 
-0.03592667 -0.00418118 5.37840662 
-0.03592103 -0.00420302 5.45380485 
-0.03590833 -0.00421595 5.52920307 
-0.03589848 -0.00423149 5.60460129 
-0.03589872 -0.00425397 5.67999952 
-0.03590427 -0.00427765 5.75539774 
-0.03590847 -0.00429808 5.83079597 
-0.03591256 -0.00431650 5.90619419 
-0.03592151 -0.00433486 5.98159241 
-0.03593592 -0.00435244 6.05699064 
-0.03595236 -0.00436769 6.13238886 
-0.03596888 -0.00438019 6.20778708 
-0.03598665 -0.00439009 6.28318531 
-0.03600682 -0.00439715 6.35858353 
-0.03602847 -0.00440104 6.43398175 
-0.03604998 -0.00440176 6.50937998 
-0.03607076 -0.00439944 6.58477820 
-0.03609103 -0.00439399 6.66017643 
-0.03611060 -0.00438539 6.73557465 
-0.03612873 -0.00437390 6.81097287 
-0.03614471 -0.00435996 6.88637110 
-0.03615829 -0.00434385 6.96176932 
-0.03616935 -0.00432581 7.03716754 
-0.03617765 -0.00430620 7.11256577 
-0.03618288 -0.00428558 7.18796399 
-0.03618489 -0.00426446 7.26336222 
-0.03618367 -0.00424327 7.33876044 
-0.03617930 -0.00422244 7.41415866 
-0.03617184 -0.00420245 7.48955689 
-0.03616145 -0.00418382 7.56495511 
-0.03614837 -0.00416697 7.64035333 
-0.03613289 -0.00415225 7.71575156 
-0.03611538 -0.00413999 7.79114978 
-0.03609623 -0.00413049 7.86654800 
-0.03607587 -0.00412398 7.94194623 
-0.03605477 -0.00412060 8.01734445 
-0.03603342 -0.00412042 8.09274268 
-0.03601230 -0.00412343 8.16814090 
-0.03599189 -0.00412959 8.24353912 
-0.03597267 -0.00413875 8.31893735 
-0.03595506 -0.00415069 8.39433557 
-0.03593947 -0.00416515 8.46973379 
-0.03592625 -0.00418178 8.54513202 
-0.03591570 -0.00420021 8.62053024 
-0.03590807 -0.00422003 8.69592847 
-0.03590351 -0.00424077 8.77132669 
-0.03590213 -0.00426197 8.84672491 
-0.03590397 -0.00428314 8.92212314 
-0.03590896 -0.00430381 8.99752136 
-0.03591701 -0.00432351 9.07291958 
-0.03592793 -0.00434179 9.14831781 
-0.03594146 -0.00435824 9.22371603 
-0.03595730 -0.00437249 9.29911425 
-0.03597509 -0.00438423 9.37451248 
-0.03599443 -0.00439318 9.44991070 
-0.03601488 -0.00439914 9.52530893 
-0.03603598 -0.00440199 9.60070715 
-0.03605725 -0.00440165 9.67610537 
-0.03607823 -0.00439814 9.75150360 
-0.03609842 -0.00439153 9.82690182 
-0.03611738 -0.00438197 9.90230004 
-0.03613467 -0.00436968 9.97769827 
-0.03614992 -0.00435493 10.05309649 
-0.03616276 -0.00433805 10.12849472 
-0.03617290 -0.00431942 10.20389294 
-0.03618013 -0.00429947 10.27929116 
-0.03618426 -0.00427865 10.35468939 
-0.03618520 -0.00425742 10.43008761 
-0.03618293 -0.00423627 10.50548583 
-0.03617750 -0.00421568 10.58088406 
-0.03616903 -0.00419612 10.65628228 
-0.03615770 -0.00417804 10.73168050 
-0.03614378 -0.00416184 10.80707873 
-0.03612757 -0.00414790 10.88247695 
-0.03610946 -0.00413654 10.95787518 
-0.03608984 -0.00412802 11.03327340 
-0.03606918 -0.00412253 11.10867162 
-0.03604793 -0.00412021 11.18406985 
-0.03602660 -0.00412109 11.25946807 
-0.03600565 -0.00412517 11.33486629 
-0.03598558 -0.00413235 11.41026452 
-0.03596683 -0.00414246 11.48566274 
-0.03594984 -0.00415527 11.56106097 
-0.03593500 -0.00417049 11.63645919 
-0.03592263 -0.00418777 11.71185741 
-0.03591302 -0.00420671 11.78725564 
-0.03590639 -0.00422689 11.86265386 
-0.03590288 -0.00424783 11.93805208 
-0.03590257 -0.00426908 12.01345031 
-0.03590546 -0.00429013 12.08884853 
-0.03591148 -0.00431053 12.16424675 
-0.03592051 -0.00432980 12.23964498 
-0.03593232 -0.00434752 12.31504320 
-0.03594665 -0.00436328 12.39044143 
-0.03596318 -0.00437672 12.46583965 
-0.03598153 -0.00438756 12.54123787 
-0.03600128 -0.00439553 12.61663610 
-0.03602200 -0.00440047 12.69203432 
-0.03604321 -0.00440225 12.76743254 
-0.03606443 -0.00440085 12.84283077 
-0.03608519 -0.00439630 12.91822899 
-0.03610502 -0.00438868 12.99362722 
-0.03612347 -0.00437819 13.06902544 
-0.03614012 -0.00436504 13.14442366 
-0.03615459 -0.00434954 13.21982189 
-0.03616656 -0.00433203 13.29522011 
-0.03617575 -0.00431291 13.37061833 
-0.03618195 -0.00429262 13.44601656 
-0.03618502 -0.00427161 13.52141478 
-0.03618489 -0.00425035 13.59681300 
-0.03618155 -0.00422933 13.67221123 
-0.03617508 -0.00420903 13.74760945 
-0.03616563 -0.00418992 13.82300768 
-0.03615340 -0.00417242 13.89840590 
-0.03613867 -0.00415693 13.97380412 
-0.03612179 -0.00414382 14.04920235 
-0.03610312 -0.00413338 14.12460057 
-0.03608310 -0.00412586 14.19999879 
-0.03606219 -0.00412141 14.27539702 
-0.03604086 -0.00412015 14.35079524 
-0.03601960 -0.00412211 14.42619347 
-0.03599889 -0.00412724 14.50159169 
-0.03597921 -0.00413541 14.57698991 
-0.03596100 -0.00414645 14.65238814 
-0.03594469 -0.00416010 14.72778636 
-0.03593064 -0.00417605 14.80318458 
-0.03591916 -0.00419392 14.87858281 
-0.03591052 -0.00421332 14.95398103 
-0.03590492 -0.00423381 15.02937925 
-0.03590246 -0.00425491 15.10477748 
-0.03590322 -0.00427614 15.18017570 
-0.03590717 -0.00429703 15.25557393 
-0.03591421 -0.00431710 15.33097215 
-0.03592419 -0.00433590 15.40637037 
-0.03593687 -0.00435301 15.48176860 
-0.03595197 -0.00436803 15.55716682 
-0.03596915 -0.00438063 15.63256504 
-0.03598801 -0.00439054 15.70796327 
-0.03600813 -0.00439751 15.78336149 
-0.03602907 -0.00440141 15.85875972 
-0.03605033 -0.00440214 15.93415794 
-0.03607145 -0.00439968 16.00955616 
-0.03609195 -0.00439409 16.08495439 
-0.03611137 -0.00438549 16.16035261 
-0.03612926 -0.00437408 16.23575083 
-0.03614522 -0.00436011 16.31114906 
-0.03615889 -0.00434390 16.38654728 
-0.03616996 -0.00432582 16.46194550 
-0.03617818 -0.00430626 16.53734373 
-0.03618335 -0.00428567 16.61274195 
-0.03618536 -0.00426453 16.68814018 
-0.03618416 -0.00424330 16.76353840 
-0.03617976 -0.00422247 16.83893662 
-0.03617228 -0.00420251 16.91433485 
-0.03616188 -0.00418389 16.98973307 
-0.03614878 -0.00416702 17.06513129 
-0.03613330 -0.00415229 17.14052952 
-0.03611577 -0.00414004 17.21592774 
-0.03609661 -0.00413054 17.29132597 
-0.03607624 -0.00412403 17.36672419 
-0.03605513 -0.00412064 17.44212241 
-0.03603377 -0.00412045 17.51752064 
-0.03601263 -0.00412347 17.59291886 
-0.03599221 -0.00412963 17.66831708 
-0.03597298 -0.00413878 17.74371531 
-0.03595535 -0.00415072 17.81911353 
-0.03593975 -0.00416518 17.89451175 
-0.03592652 -0.00418181 17.96990998 
-0.03591597 -0.00420024 18.04530820 
-0.03590832 -0.00422006 18.12070643 
-0.03590375 -0.00424080 18.19610465 
-0.03590237 -0.00426200 18.27150287 
-0.03590419 -0.00428317 18.34690110 
-0.03590919 -0.00430384 18.42229932 
-0.03591723 -0.00432354 18.49769754 
-0.03592813 -0.00434182 18.57309577 
-0.03594166 -0.00435827 18.64849399 
-0.03595749 -0.00437252 18.72389222 
-0.03597528 -0.00438426 18.79929044 
-0.03599461 -0.00439321 18.87468866 
-0.03601505 -0.00439917 18.95008689 
-0.03603615 -0.00440202 19.02548511 
-0.03605742 -0.00440168 19.10088333 
-0.03607839 -0.00439817 19.17628156 
-0.03609858 -0.00439156 19.25167978 
-0.03611753 -0.00438200 19.32707800 
-0.03613482 -0.00436970 19.40247623 
-0.03615006 -0.00435495 19.47787445 
-0.03616290 -0.00433807 19.55327268 
-0.03617304 -0.00431944 19.62867090 
-0.03618026 -0.00429949 19.70406912 
-0.03618438 -0.00427866 19.77946735 
-0.03618532 -0.00425744 19.85486557 
-0.03618304 -0.00423628 19.93026379 
-0.03617761 -0.00421569 20.00566202 
-0.03616913 -0.00419613 20.08106024 
-0.03615779 -0.00417805 20.15645847 
-0.03614386 -0.00416185 20.23185669 
-0.03612766 -0.00414791 20.30725491 
-0.03610954 -0.00413655 20.38265314 
