20.00000000 0.00000000 5.00000000 0.00000000
19.99368379 0.50260191 5.66333333 0.83226179
19.97473913 1.00488636 6.32666667 0.83226179
19.94317801 1.50653611 6.99000000 0.83226179
19.89902034 2.00723430 7.65333333 0.83226179
19.84229403 2.50666467 8.31666667 0.83226179
19.77303489 3.00451178 8.98000000 0.83226179
19.69128669 3.50046118 9.64333333 0.83226179
19.59710105 3.99419961 10.30666667 0.83226179
19.49053746 4.48541522 10.97000000 0.83226179
19.37166322 4.97379774 11.63333333 0.83226179
19.24055343 5.45903871 12.29666667 0.83226179
19.09729089 5.94083163 12.96000000 0.83226179
18.94196610 6.41887220 13.62333333 0.83226179
18.77467715 6.89285846 14.28666667 0.83226179
18.59552972 7.36249105 14.95000000 0.83226179
18.40463695 7.82747334 15.61333333 0.83226179
18.20211941 8.28751162 16.27666667 0.83226179
17.98810503 8.74231533 16.94000000 0.83226179
17.76272898 9.19159721 17.60333333 0.83226179
17.52613360 9.63507348 18.26666667 0.83226179
17.27846834 10.07246403 18.93000000 0.83226179
17.01988964 10.50349260 19.59333333 0.83226179
16.75056080 10.92788693 20.25666667 0.83226179
16.47065195 11.34537898 20.92000000 0.83226179
16.18033989 11.75570505 21.58333333 0.83226179
15.87980797 12.15860595 22.24666667 0.83226179
15.56924603 12.55382723 22.91000000 0.83226179
15.24885022 12.94111923 23.57333333 0.83226179
14.91882291 13.32023735 24.23666667 0.83226179
14.57937255 13.69094212 24.90000000 0.83226179
14.23071354 14.05299940 25.56333333 0.83226179
13.87306612 14.40618050 26.22666667 0.83226179
13.50665616 14.75026235 26.89000000 0.83226179
13.13171512 15.08502761 27.55333333 0.83226179
12.74847979 15.41026486 28.21666667 0.83226179
12.35719226 15.72576864 28.88000000 0.83226179
11.95809966 16.03133970 29.54333333 0.83226179
11.55145407 16.32678501 30.20666667 0.83226179
11.13751233 16.61191798 30.87000000 0.83226179
10.71653590 16.88655851 31.53333333 0.83226179
10.28879068 17.15053312 32.19666667 0.83226179
9.85454683 17.40367509 32.86000000 0.83226179
9.41407864 17.64582453 33.52333333 0.83226179
8.96766432 17.87682848 34.18666667 0.83226179
8.51558583 18.09654105 34.85000000 0.83226179
8.05812871 18.30482345 35.51333333 0.83226179
7.59558191 18.50154414 36.17666667 0.83226179
7.12823757 18.68657885 36.84000000 0.83226179
6.65639089 18.85981072 37.50333333 0.83226179
6.18033989 19.02113033 38.16666667 0.83226179
5.70038525 19.17043578 38.83000000 0.83226179
5.21683013 19.30763278 39.49333333 0.83226179
4.72997994 19.43263466 40.15666667 0.83226179
4.24014220 19.54536247 40.82000000 0.83226179
3.74762629 19.64574501 41.48333333 0.83226179
3.25274330 19.73371888 42.14666667 0.83226179
2.75580581 19.80922851 42.81000000 0.83226179
2.25712770 19.87222621 43.47333333 0.83226179
1.75702393 19.92267218 44.13666667 0.83226179
1.25581039 19.96053457 44.80000000 0.83226179
0.75380365 19.98578945 45.46333333 0.83226179
0.25132080 19.99842088 46.12666667 0.83226179
-0.25132080 19.99842088 46.79000000 0.83226179
-0.75380365 19.98578945 47.45333333 0.83226179
-1.25581039 19.96053457 48.11666667 0.83226179
-1.75702393 19.92267218 48.78000000 0.83226179
-2.25712770 19.87222621 49.44333333 0.83226179
-2.75580581 19.80922851 50.10666667 0.83226179
-3.25274330 19.73371888 50.77000000 0.83226179
-3.74762629 19.64574501 51.43333333 0.83226179
-4.24014220 19.54536247 52.09666667 0.83226179
-4.72997994 19.43263466 52.76000000 0.83226179
-5.21683013 19.30763278 53.42333333 0.83226179
-5.70038525 19.17043578 54.08666667 0.83226179
-6.18033989 19.02113033 54.75000000 0.83226179
-6.65639089 18.85981072 55.41333333 0.83226179
-7.12823757 18.68657885 56.07666667 0.83226179
-7.59558191 18.50154414 56.74000000 0.83226179
-8.05812871 18.30482345 57.40333333 0.83226179
-8.51558583 18.09654105 58.06666667 0.83226179
-8.96766432 17.87682848 58.73000000 0.83226179
-9.41407864 17.64582453 59.39333333 0.83226179
-9.85454683 17.40367509 60.05666667 0.83226179
-10.28879068 17.15053312 60.72000000 0.83226179
-10.71653590 16.88655851 61.38333333 0.83226179
-11.13751233 16.61191798 62.04666667 0.83226179
-11.55145407 16.32678501 62.71000000 0.83226179
-11.95809966 16.03133970 63.37333333 0.83226179
-12.35719226 15.72576864 64.03666667 0.83226179
-12.74847979 15.41026486 64.70000000 0.83226179
-13.13171512 15.08502761 65.36333333 0.83226179
-13.50665616 14.75026235 66.02666667 0.83226179
-13.87306612 14.40618050 66.69000000 0.83226179
-14.23071354 14.05299940 67.35333333 0.83226179
-14.57937255 13.69094212 68.01666667 0.83226179
-14.91882291 13.32023735 68.68000000 0.83226179
-15.24885022 12.94111923 69.34333333 0.83226179
-15.56924603 12.55382723 70.00666667 0.83226179
-15.87980797 12.15860595 70.67000000 0.83226179
-16.18033989 11.75570505 71.33333333 0.83226179
-16.47065195 11.34537898 71.99666667 0.83226179
-16.75056080 10.92788693 72.66000000 0.83226179
-17.01988964 10.50349260 73.32333333 0.83226179
-17.27846834 10.07246403 73.98666667 0.83226179
-17.52613360 9.63507348 74.65000000 0.83226179
-17.76272898 9.19159721 75.31333333 0.83226179
-17.98810503 8.74231533 75.97666667 0.83226179
-18.20211941 8.28751162 76.64000000 0.83226179
-18.40463695 7.82747334 77.30333333 0.83226179
-18.59552972 7.36249105 77.96666667 0.83226179
-18.77467715 6.89285846 78.63000000 0.83226179
-18.94196610 6.41887220 79.29333333 0.83226179
-19.09729089 5.94083163 79.95666667 0.83226179
-19.24055343 5.45903871 80.62000000 0.83226179
-19.37166322 4.97379774 81.28333333 0.83226179
-19.49053746 4.48541522 81.94666667 0.83226179
-19.59710105 3.99419961 82.61000000 0.83226179
-19.69128669 3.50046118 83.27333333 0.83226179
-19.77303489 3.00451178 83.93666667 0.83226179
-19.84229403 2.50666467 84.60000000 0.83226179
-19.89902034 2.00723430 85.26333333 0.83226179
-19.94317801 1.50653611 85.92666667 0.83226179
-19.97473913 1.00488636 86.59000000 0.83226179
-19.99368379 0.50260191 87.25333333 0.83226179
-20.00000000 -0.00000000 87.91666667 0.83226179
-19.99368379 -0.50260191 88.58000000 0.83226179
-19.97473913 -1.00488636 89.24333333 0.83226179
-19.94317801 -1.50653611 89.90666667 0.83226179
-19.89902034 -2.00723430 90.57000000 0.83226179
-19.84229403 -2.50666467 91.23333333 0.83226179
-19.77303489 -3.00451178 91.89666667 0.83226179
-19.69128669 -3.50046118 92.56000000 0.83226179
-19.59710105 -3.99419961 93.22333333 0.83226179
-19.49053746 -4.48541522 93.88666667 0.83226179
-19.37166322 -4.97379774 94.55000000 0.83226179
-19.24055343 -5.45903871 95.21333333 0.83226179
-19.09729089 -5.94083163 95.87666667 0.83226179
-18.94196610 -6.41887220 96.54000000 0.83226179
-18.77467715 -6.89285846 97.20333333 0.83226179
-18.59552972 -7.36249105 97.86666667 0.83226179
-18.40463695 -7.82747334 98.53000000 0.83226179
-18.20211941 -8.28751162 99.19333333 0.83226179
-17.98810503 -8.74231533 99.85666667 0.83226179
-17.76272898 -9.19159721 100.52000000 0.83226179
-17.52613360 -9.63507348 101.18333333 0.83226179
-17.27846834 -10.07246403 101.84666667 0.83226179
-17.01988964 -10.50349260 102.51000000 0.83226179
-16.75056080 -10.92788693 103.17333333 0.83226179
-16.47065195 -11.34537898 103.83666667 0.83226179
-16.18033989 -11.75570505 104.50000000 0.83226179
-15.87980797 -12.15860595 105.16333333 0.83226179
-15.56924603 -12.55382723 105.82666667 0.83226179
-15.24885022 -12.94111923 106.49000000 0.83226179
-14.91882291 -13.32023735 107.15333333 0.83226179
-14.57937255 -13.69094212 107.81666667 0.83226179
-14.23071354 -14.05299940 108.48000000 0.83226179
-13.87306612 -14.40618050 109.14333333 0.83226179
-13.50665616 -14.75026235 109.80666667 0.83226179
-13.13171512 -15.08502761 110.47000000 0.83226179
-12.74847979 -15.41026486 111.13333333 0.83226179
-12.35719226 -15.72576864 111.79666667 0.83226179
-11.95809966 -16.03133970 112.46000000 0.83226179
-11.55145407 -16.32678501 113.12333333 0.83226179
-11.13751233 -16.61191798 113.78666667 0.83226179
-10.71653590 -16.88655851 114.45000000 0.83226179
-10.28879068 -17.15053312 115.11333333 0.83226179
-9.85454683 -17.40367509 115.77666667 0.83226179
-9.41407864 -17.64582453 116.44000000 0.83226179
-8.96766432 -17.87682848 117.10333333 0.83226179
-8.51558583 -18.09654105 117.76666667 0.83226179
-8.05812871 -18.30482345 118.43000000 0.83226179
-7.59558191 -18.50154414 119.09333333 0.83226179
-7.12823757 -18.68657885 119.75666667 0.83226179
-6.65639089 -18.85981072 120.42000000 0.83226179
-6.18033989 -19.02113033 121.08333333 0.83226179
-5.70038525 -19.17043578 121.74666667 0.83226179
-5.21683013 -19.30763278 122.41000000 0.83226179
-4.72997994 -19.43263466 123.07333333 0.83226179
-4.24014220 -19.54536247 123.73666667 0.83226179
-3.74762629 -19.64574501 124.40000000 0.83226179
-3.25274330 -19.73371888 125.06333333 0.83226179
-2.75580581 -19.80922851 125.72666667 0.83226179
-2.25712770 -19.87222621 126.39000000 0.83226179
-1.75702393 -19.92267218 127.05333333 0.83226179
-1.25581039 -19.96053457 127.71666667 0.83226179
-0.75380365 -19.98578945 128.38000000 0.83226179
-0.25132080 -19.99842088 129.04333333 0.83226179
0.25132080 -19.99842088 129.70666667 0.83226179
0.75380365 -19.98578945 130.37000000 0.83226179
1.25581039 -19.96053457 131.03333333 0.83226179
1.75702393 -19.92267218 131.69666667 0.83226179
2.25712770 -19.87222621 132.36000000 0.83226179
2.75580581 -19.80922851 133.02333333 0.83226179
3.25274330 -19.73371888 133.68666667 0.83226179
3.74762629 -19.64574501 134.35000000 0.83226179
4.24014220 -19.54536247 135.01333333 0.83226179
4.72997994 -19.43263466 135.67666667 0.83226179
5.21683013 -19.30763278 136.34000000 0.83226179
5.70038525 -19.17043578 137.00333333 0.83226179
6.18033989 -19.02113033 137.66666667 0.83226179
6.65639089 -18.85981072 138.33000000 0.83226179
7.12823757 -18.68657885 138.99333333 0.83226179
7.59558191 -18.50154414 139.65666667 0.83226179
8.05812871 -18.30482345 140.32000000 0.83226179
8.51558583 -18.09654105 140.98333333 0.83226179
8.96766432 -17.87682848 141.64666667 0.83226179
9.41407864 -17.64582453 142.31000000 0.83226179
9.85454683 -17.40367509 142.97333333 0.83226179
10.28879068 -17.15053312 143.63666667 0.83226179
10.71653590 -16.88655851 144.30000000 0.83226179
11.13751233 -16.61191798 144.96333333 0.83226179
11.55145407 -16.32678501 145.62666667 0.83226179
11.95809966 -16.03133970 146.29000000 0.83226179
12.35719226 -15.72576864 146.95333333 0.83226179
12.74847979 -15.41026486 147.61666667 0.83226179
13.13171512 -15.08502761 148.28000000 0.83226179
13.50665616 -14.75026235 148.94333333 0.83226179
13.87306612 -14.40618050 149.60666667 0.83226179
14.23071354 -14.05299940 150.27000000 0.83226179
14.57937255 -13.69094212 150.93333333 0.83226179
14.91882291 -13.32023735 151.59666667 0.83226179
15.24885022 -12.94111923 152.26000000 0.83226179
15.56924603 -12.55382723 152.92333333 0.83226179
15.87980797 -12.15860595 153.58666667 0.83226179
16.18033989 -11.75570505 154.25000000 0.83226179
16.47065195 -11.34537898 154.91333333 0.83226179
16.75056080 -10.92788693 155.57666667 0.83226179
17.01988964 -10.50349260 156.24000000 0.83226179
17.27846834 -10.07246403 156.90333333 0.83226179
17.52613360 -9.63507348 157.56666667 0.83226179
17.76272898 -9.19159721 158.23000000 0.83226179
17.98810503 -8.74231533 158.89333333 0.83226179
18.20211941 -8.28751162 159.55666667 0.83226179
18.40463695 -7.82747334 160.22000000 0.83226179
18.59552972 -7.36249105 160.88333333 0.83226179
18.77467715 -6.89285846 161.54666667 0.83226179
18.94196610 -6.41887220 162.21000000 0.83226179
19.09729089 -5.94083163 162.87333333 0.83226179
19.24055343 -5.45903871 163.53666667 0.83226179
19.37166322 -4.97379774 164.20000000 0.83226179
19.49053746 -4.48541522 164.86333333 0.83226179
19.59710105 -3.99419961 165.52666667 0.83226179
19.69128669 -3.50046118 166.19000000 0.83226179
19.77303489 -3.00451178 166.85333333 0.83226179
19.84229403 -2.50666467 167.51666667 0.83226179
19.89902034 -2.00723430 168.18000000 0.83226179
19.94317801 -1.50653611 168.84333333 0.83226179
19.97473913 -1.00488636 169.50666667 0.83226179
19.99368379 -0.50260191 170.17000000 0.83226179
20.00000000 0.00000000 170.83333333 0.83226179
19.99368379 0.50260191 171.49666667 0.83226179
19.97473913 1.00488636 172.16000000 0.83226179
19.94317801 1.50653611 172.82333333 0.83226179
19.89902034 2.00723430 173.48666667 0.83226179
19.84229403 2.50666467 174.15000000 0.83226179
19.77303489 3.00451178 174.81333333 0.83226179
19.69128669 3.50046118 175.47666667 0.83226179
19.59710105 3.99419961 176.14000000 0.83226179
19.49053746 4.48541522 176.80333333 0.83226179
19.37166322 4.97379774 177.46666667 0.83226179
19.24055343 5.45903871 178.13000000 0.83226179
19.09729089 5.94083163 178.79333333 0.83226179
18.94196610 6.41887220 179.45666667 0.83226179
18.77467715 6.89285846 180.12000000 0.83226179
18.59552972 7.36249105 180.78333333 0.83226179
18.40463695 7.82747334 181.44666667 0.83226179
18.20211941 8.28751162 182.11000000 0.83226179
17.98810503 8.74231533 182.77333333 0.83226179
17.76272898 9.19159721 183.43666667 0.83226179
17.52613360 9.63507348 184.10000000 0.83226179
17.27846834 10.07246403 184.76333333 0.83226179
17.01988964 10.50349260 185.42666667 0.83226179
16.75056080 10.92788693 186.09000000 0.83226179
16.47065195 11.34537898 186.75333333 0.83226179
16.18033989 11.75570505 187.41666667 0.83226179
15.87980797 12.15860595 188.08000000 0.83226179
15.56924603 12.55382723 188.74333333 0.83226179
15.24885022 12.94111923 189.40666667 0.83226179
14.91882291 13.32023735 190.07000000 0.83226179
14.57937255 13.69094212 190.73333333 0.83226179
14.23071354 14.05299940 191.39666667 0.83226179
13.87306612 14.40618050 192.06000000 0.83226179
13.50665616 14.75026235 192.72333333 0.83226179
13.13171512 15.08502761 193.38666667 0.83226179
12.74847979 15.41026486 194.05000000 0.83226179
12.35719226 15.72576864 194.71333333 0.83226179
11.95809966 16.03133970 195.37666667 0.83226179
11.55145407 16.32678501 196.04000000 0.83226179
11.13751233 16.61191798 196.70333333 0.83226179
10.71653590 16.88655851 197.36666667 0.83226179
10.28879068 17.15053312 198.03000000 0.83226179
9.85454683 17.40367509 198.69333333 0.83226179
9.41407864 17.64582453 199.35666667 0.83226179
8.96766432 17.87682848 200.02000000 0.83226179
8.51558583 18.09654105 200.68333333 0.83226179
8.05812871 18.30482345 201.34666667 0.83226179
7.59558191 18.50154414 202.01000000 0.83226179
7.12823757 18.68657885 202.67333333 0.83226179
6.65639089 18.85981072 203.33666667 0.83226179
6.18033989 19.02113033 204.00000000 0.83226179
5.70038525 19.17043578 204.66333333 0.83226179
5.21683013 19.30763278 205.32666667 0.83226179
4.72997994 19.43263466 205.99000000 0.83226179
4.24014220 19.54536247 206.65333333 0.83226179
3.74762629 19.64574501 207.31666667 0.83226179
3.25274330 19.73371888 207.98000000 0.83226179
2.75580581 19.80922851 208.64333333 0.83226179
2.25712770 19.87222621 209.30666667 0.83226179
1.75702393 19.92267218 209.97000000 0.83226179
1.25581039 19.96053457 210.63333333 0.83226179
0.75380365 19.98578945 211.29666667 0.83226179
0.25132080 19.99842088 211.96000000 0.83226179
-0.25132080 19.99842088 212.62333333 0.83226179
-0.75380365 19.98578945 213.28666667 0.83226179
-1.25581039 19.96053457 213.95000000 0.83226179
-1.75702393 19.92267218 214.61333333 0.83226179
-2.25712770 19.87222621 215.27666667 0.83226179
-2.75580581 19.80922851 215.94000000 0.83226179
-3.25274330 19.73371888 216.60333333 0.83226179
-3.74762629 19.64574501 217.26666667 0.83226179
-4.24014220 19.54536247 217.93000000 0.83226179
-4.72997994 19.43263466 218.59333333 0.83226179
-5.21683013 19.30763278 219.25666667 0.83226179
-5.70038525 19.17043578 219.92000000 0.83226179
-6.18033989 19.02113033 220.58333333 0.83226179
-6.65639089 18.85981072 221.24666667 0.83226179
-7.12823757 18.68657885 221.91000000 0.83226179
-7.59558191 18.50154414 222.57333333 0.83226179
-8.05812871 18.30482345 223.23666667 0.83226179
-8.51558583 18.09654105 223.90000000 0.83226179
-8.96766432 17.87682848 224.56333333 0.83226179
-9.41407864 17.64582453 225.22666667 0.83226179
-9.85454683 17.40367509 225.89000000 0.83226179
-10.28879068 17.15053312 226.55333333 0.83226179
-10.71653590 16.88655851 227.21666667 0.83226179
-11.13751233 16.61191798 227.88000000 0.83226179
-11.55145407 16.32678501 228.54333333 0.83226179
-11.95809966 16.03133970 229.20666667 0.83226179
-12.35719226 15.72576864 229.87000000 0.83226179
-12.74847979 15.41026486 230.53333333 0.83226179
-13.13171512 15.08502761 231.19666667 0.83226179
-13.50665616 14.75026235 231.86000000 0.83226179
-13.87306612 14.40618050 232.52333333 0.83226179
-14.23071354 14.05299940 233.18666667 0.83226179
-14.57937255 13.69094212 233.85000000 0.83226179
-14.91882291 13.32023735 234.51333333 0.83226179
-15.24885022 12.94111923 235.17666667 0.83226179
-15.56924603 12.55382723 235.84000000 0.83226179
-15.87980797 12.15860595 236.50333333 0.83226179
-16.18033989 11.75570505 237.16666667 0.83226179
-16.47065195 11.34537898 237.83000000 0.83226179
-16.75056080 10.92788693 238.49333333 0.83226179
-17.01988964 10.50349260 239.15666667 0.83226179
-17.27846834 10.07246403 239.82000000 0.83226179
-17.52613360 9.63507348 240.48333333 0.83226179
-17.76272898 9.19159721 241.14666667 0.83226179
-17.98810503 8.74231533 241.81000000 0.83226179
-18.20211941 8.28751162 242.47333333 0.83226179
-18.40463695 7.82747334 243.13666667 0.83226179
-18.59552972 7.36249105 243.80000000 0.83226179
-18.77467715 6.89285846 244.46333333 0.83226179
-18.94196610 6.41887220 245.12666667 0.83226179
-19.09729089 5.94083163 245.79000000 0.83226179
-19.24055343 5.45903871 246.45333333 0.83226179
-19.37166322 4.97379774 247.11666667 0.83226179
-19.49053746 4.48541522 247.78000000 0.83226179
-19.59710105 3.99419961 248.44333333 0.83226179
-19.69128669 3.50046118 249.10666667 0.83226179
-19.77303489 3.00451178 249.77000000 0.83226179
-19.84229403 2.50666467 250.43333333 0.83226179
-19.89902034 2.00723430 251.09666667 0.83226179
-19.94317801 1.50653611 251.76000000 0.83226179
-19.97473913 1.00488636 252.42333333 0.83226179
-19.99368379 0.50260191 253.08666667 0.83226179
-20.00000000 0.00000000 253.75000000 0.83226179
-19.99368379 -0.50260191 254.41333333 0.83226179
-19.97473913 -1.00488636 255.07666667 0.83226179
-19.94317801 -1.50653611 255.74000000 0.83226179
-19.89902034 -2.00723430 256.40333333 0.83226179
-19.84229403 -2.50666467 257.06666667 0.83226179
-19.77303489 -3.00451178 257.73000000 0.83226179
-19.69128669 -3.50046118 258.39333333 0.83226179
-19.59710105 -3.99419961 259.05666667 0.83226179
-19.49053746 -4.48541522 259.72000000 0.83226179
-19.37166322 -4.97379774 260.38333333 0.83226179
-19.24055343 -5.45903871 261.04666667 0.83226179
-19.09729089 -5.94083163 261.71000000 0.83226179
-18.94196610 -6.41887220 262.37333333 0.83226179
-18.77467715 -6.89285846 263.03666667 0.83226179
-18.59552972 -7.36249105 263.70000000 0.83226179
-18.40463695 -7.82747334 264.36333333 0.83226179
-18.20211941 -8.28751162 265.02666667 0.83226179
-17.98810503 -8.74231533 265.69000000 0.83226179
-17.76272898 -9.19159721 266.35333333 0.83226179
-17.52613360 -9.63507348 267.01666667 0.83226179
-17.27846834 -10.07246403 267.68000000 0.83226179
-17.01988964 -10.50349260 268.34333333 0.83226179
-16.75056080 -10.92788693 269.00666667 0.83226179
-16.47065195 -11.34537898 269.67000000 0.83226179
-16.18033989 -11.75570505 270.33333333 0.83226179
-15.87980797 -12.15860595 270.99666667 0.83226179
-15.56924603 -12.55382723 271.66000000 0.83226179
-15.24885022 -12.94111923 272.32333333 0.83226179
-14.91882291 -13.32023735 272.98666667 0.83226179
-14.57937255 -13.69094212 273.65000000 0.83226179
-14.23071354 -14.05299940 274.31333333 0.83226179
-13.87306612 -14.40618050 274.97666667 0.83226179
-13.50665616 -14.75026235 275.64000000 0.83226179
-13.13171512 -15.08502761 276.30333333 0.83226179
-12.74847979 -15.41026486 276.96666667 0.83226179
-12.35719226 -15.72576864 277.63000000 0.83226179
-11.95809966 -16.03133970 278.29333333 0.83226179
-11.55145407 -16.32678501 278.95666667 0.83226179
-11.13751233 -16.61191798 279.62000000 0.83226179
-10.71653590 -16.88655851 280.28333333 0.83226179
-10.28879068 -17.15053312 280.94666667 0.83226179
-9.85454683 -17.40367509 281.61000000 0.83226179
-9.41407864 -17.64582453 282.27333333 0.83226179
-8.96766432 -17.87682848 282.93666667 0.83226179
-8.51558583 -18.09654105 283.60000000 0.83226179
-8.05812871 -18.30482345 284.26333333 0.83226179
-7.59558191 -18.50154414 284.92666667 0.83226179
-7.12823757 -18.68657885 285.59000000 0.83226179
-6.65639089 -18.85981072 286.25333333 0.83226179
-6.18033989 -19.02113033 286.91666667 0.83226179
-5.70038525 -19.17043578 287.58000000 0.83226179
-5.21683013 -19.30763278 288.24333333 0.83226179
-4.72997994 -19.43263466 288.90666667 0.83226179
-4.24014220 -19.54536247 289.57000000 0.83226179
-3.74762629 -19.64574501 290.23333333 0.83226179
-3.25274330 -19.73371888 290.89666667 0.83226179
-2.75580581 -19.80922851 291.56000000 0.83226179
-2.25712770 -19.87222621 292.22333333 0.83226179
-1.75702393 -19.92267218 292.88666667 0.83226179
-1.25581039 -19.96053457 293.55000000 0.83226179
-0.75380365 -19.98578945 294.21333333 0.83226179
-0.25132080 -19.99842088 294.87666667 0.83226179
0.25132080 -19.99842088 295.54000000 0.83226179
0.75380365 -19.98578945 296.20333333 0.83226179
1.25581039 -19.96053457 296.86666667 0.83226179
1.75702393 -19.92267218 297.53000000 0.83226179
2.25712770 -19.87222621 298.19333333 0.83226179
2.75580581 -19.80922851 298.85666667 0.83226179
3.25274330 -19.73371888 299.52000000 0.83226179
3.74762629 -19.64574501 300.18333333 0.83226179
4.24014220 -19.54536247 300.84666667 0.83226179
4.72997994 -19.43263466 301.51000000 0.83226179
5.21683013 -19.30763278 302.17333333 0.83226179
5.70038525 -19.17043578 302.83666667 0.83226179
6.18033989 -19.02113033 303.50000000 0.83226179
6.65639089 -18.85981072 304.16333333 0.83226179
7.12823757 -18.68657885 304.82666667 0.83226179
7.59558191 -18.50154414 305.49000000 0.83226179
8.05812871 -18.30482345 306.15333333 0.83226179
8.51558583 -18.09654105 306.81666667 0.83226179
8.96766432 -17.87682848 307.48000000 0.83226179
9.41407864 -17.64582453 308.14333333 0.83226179
9.85454683 -17.40367509 308.80666667 0.83226179
10.28879068 -17.15053312 309.47000000 0.83226179
10.71653590 -16.88655851 310.13333333 0.83226179
11.13751233 -16.61191798 310.79666667 0.83226179
11.55145407 -16.32678501 311.46000000 0.83226179
11.95809966 -16.03133970 312.12333333 0.83226179
12.35719226 -15.72576864 312.78666667 0.83226179
12.74847979 -15.41026486 313.45000000 0.83226179
13.13171512 -15.08502761 314.11333333 0.83226179
13.50665616 -14.75026235 314.77666667 0.83226179
13.87306612 -14.40618050 315.44000000 0.83226179
14.23071354 -14.05299940 316.10333333 0.83226179
14.57937255 -13.69094212 316.76666667 0.83226179
14.91882291 -13.32023735 317.43000000 0.83226179
15.24885022 -12.94111923 318.09333333 0.83226179
15.56924603 -12.55382723 318.75666667 0.83226179
15.87980797 -12.15860595 319.42000000 0.83226179
16.18033989 -11.75570505 320.08333333 0.83226179
16.47065195 -11.34537898 320.74666667 0.83226179
16.75056080 -10.92788693 321.41000000 0.83226179
17.01988964 -10.50349260 322.07333333 0.83226179
17.27846834 -10.07246403 322.73666667 0.83226179
17.52613360 -9.63507348 323.40000000 0.83226179
17.76272898 -9.19159721 324.06333333 0.83226179
17.98810503 -8.74231533 324.72666667 0.83226179
18.20211941 -8.28751162 325.39000000 0.83226179
18.40463695 -7.82747334 326.05333333 0.83226179
18.59552972 -7.36249105 326.71666667 0.83226179
18.77467715 -6.89285846 327.38000000 0.83226179
18.94196610 -6.41887220 328.04333333 0.83226179
19.09729089 -5.94083163 328.70666667 0.83226179
19.24055343 -5.45903871 329.37000000 0.83226179
19.37166322 -4.97379774 330.03333333 0.83226179
19.49053746 -4.48541522 330.69666667 0.83226179
19.59710105 -3.99419961 331.36000000 0.83226179
19.69128669 -3.50046118 332.02333333 0.83226179
19.77303489 -3.00451178 332.68666667 0.83226179
19.84229403 -2.50666467 333.35000000 0.83226179
19.89902034 -2.00723430 334.01333333 0.83226179
19.94317801 -1.50653611 334.67666667 0.83226179
19.97473913 -1.00488636 335.34000000 0.83226179
19.99368379 -0.50260191 336.00333333 0.83226179
20.00000000 0.00000000 336.66666667 0.83226179
19.99368379 0.50260191 337.33000000 0.83226179
19.97473913 1.00488636 337.99333333 0.83226179
19.94317801 1.50653611 338.65666667 0.83226179
19.89902034 2.00723430 339.32000000 0.83226179
19.84229403 2.50666467 339.98333333 0.83226179
19.77303489 3.00451178 340.64666667 0.83226179
19.69128669 3.50046118 341.31000000 0.83226179
19.59710105 3.99419961 341.97333333 0.83226179
19.49053746 4.48541522 342.63666667 0.83226179
19.37166322 4.97379774 343.30000000 0.83226179
19.24055343 5.45903871 343.96333333 0.83226179
19.09729089 5.94083163 344.62666667 0.83226179
18.94196610 6.41887220 345.29000000 0.83226179
18.77467715 6.89285846 345.95333333 0.83226179
18.59552972 7.36249105 346.61666667 0.83226179
18.40463695 7.82747334 347.28000000 0.83226179
18.20211941 8.28751162 347.94333333 0.83226179
17.98810503 8.74231533 348.60666667 0.83226179
17.76272898 9.19159721 349.27000000 0.83226179
17.52613360 9.63507348 349.93333333 0.83226179
17.27846834 10.07246403 350.59666667 0.83226179
17.01988964 10.50349260 351.26000000 0.83226179
16.75056080 10.92788693 351.92333333 0.83226179
16.47065195 11.34537898 352.58666667 0.83226179
16.18033989 11.75570505 353.25000000 0.83226179
15.87980797 12.15860595 353.91333333 0.83226179
15.56924603 12.55382723 354.57666667 0.83226179
15.24885022 12.94111923 355.24000000 0.83226179
14.91882291 13.32023735 355.90333333 0.83226179
14.57937255 13.69094212 356.56666667 0.83226179
14.23071354 14.05299940 357.23000000 0.83226179
13.87306612 14.40618050 357.89333333 0.83226179
13.50665616 14.75026235 358.55666667 0.83226179
13.13171512 15.08502761 359.22000000 0.83226179
12.74847979 15.41026486 359.88333333 0.83226179
12.35719226 15.72576864 360.54666667 0.83226179
11.95809966 16.03133970 361.21000000 0.83226179
11.55145407 16.32678501 361.87333333 0.83226179
11.13751233 16.61191798 362.53666667 0.83226179
10.71653590 16.88655851 363.20000000 0.83226179
10.28879068 17.15053312 363.86333333 0.83226179
9.85454683 17.40367509 364.52666667 0.83226179
9.41407864 17.64582453 365.19000000 0.83226179
8.96766432 17.87682848 365.85333333 0.83226179
8.51558583 18.09654105 366.51666667 0.83226179
8.05812871 18.30482345 367.18000000 0.83226179
7.59558191 18.50154414 367.84333333 0.83226179
7.12823757 18.68657885 368.50666667 0.83226179
6.65639089 18.85981072 369.17000000 0.83226179
6.18033989 19.02113033 369.83333333 0.83226179
5.70038525 19.17043578 370.49666667 0.83226179
5.21683013 19.30763278 371.16000000 0.83226179
4.72997994 19.43263466 371.82333333 0.83226179
4.24014220 19.54536247 372.48666667 0.83226179
3.74762629 19.64574501 373.15000000 0.83226179
3.25274330 19.73371888 373.81333333 0.83226179
2.75580581 19.80922851 374.47666667 0.83226179
2.25712770 19.87222621 375.14000000 0.83226179
1.75702393 19.92267218 375.80333333 0.83226179
1.25581039 19.96053457 376.46666667 0.83226179
0.75380365 19.98578945 377.13000000 0.83226179
0.25132080 19.99842088 377.79333333 0.83226179
-0.25132080 19.99842088 378.45666667 0.83226179
-0.75380365 19.98578945 379.12000000 0.83226179
-1.25581039 19.96053457 379.78333333 0.83226179
-1.75702393 19.92267218 380.44666667 0.83226179
-2.25712770 19.87222621 381.11000000 0.83226179
-2.75580581 19.80922851 381.77333333 0.83226179
-3.25274330 19.73371888 382.43666667 0.83226179
-3.74762629 19.64574501 383.10000000 0.83226179
-4.24014220 19.54536247 383.76333333 0.83226179
-4.72997994 19.43263466 384.42666667 0.83226179
-5.21683013 19.30763278 385.09000000 0.83226179
-5.70038525 19.17043578 385.75333333 0.83226179
-6.18033989 19.02113033 386.41666667 0.83226179
-6.65639089 18.85981072 387.08000000 0.83226179
-7.12823757 18.68657885 387.74333333 0.83226179
-7.59558191 18.50154414 388.40666667 0.83226179
-8.05812871 18.30482345 389.07000000 0.83226179
-8.51558583 18.09654105 389.73333333 0.83226179
-8.96766432 17.87682848 390.39666667 0.83226179
-9.41407864 17.64582453 391.06000000 0.83226179
-9.85454683 17.40367509 391.72333333 0.83226179
-10.28879068 17.15053312 392.38666667 0.83226179
-10.71653590 16.88655851 393.05000000 0.83226179
-11.13751233 16.61191798 393.71333333 0.83226179
-11.55145407 16.32678501 394.37666667 0.83226179
-11.95809966 16.03133970 395.04000000 0.83226179
-12.35719226 15.72576864 395.70333333 0.83226179
-12.74847979 15.41026486 396.36666667 0.83226179
-13.13171512 15.08502761 397.03000000 0.83226179
-13.50665616 14.75026235 397.69333333 0.83226179
-13.87306612 14.40618050 398.35666667 0.83226179
-14.23071354 14.05299940 399.02000000 0.83226179
-14.57937255 13.69094212 399.68333333 0.83226179
-14.91882291 13.32023735 400.34666667 0.83226179
-15.24885022 12.94111923 401.01000000 0.83226179
-15.56924603 12.55382723 401.67333333 0.83226179
-15.87980797 12.15860595 402.33666667 0.83226179
-16.18033989 11.75570505 403.00000000 0.83226179
-16.47065195 11.34537898 403.66333333 0.83226179
-16.75056080 10.92788693 404.32666667 0.83226179
-17.01988964 10.50349260 404.99000000 0.83226179
-17.27846834 10.07246403 405.65333333 0.83226179
-17.52613360 9.63507348 406.31666667 0.83226179
-17.76272898 9.19159721 406.98000000 0.83226179
-17.98810503 8.74231533 407.64333333 0.83226179
-18.20211941 8.28751162 408.30666667 0.83226179
-18.40463695 7.82747334 408.97000000 0.83226179
-18.59552972 7.36249105 409.63333333 0.83226179
-18.77467715 6.89285846 410.29666667 0.83226179
-18.94196610 6.41887220 410.96000000 0.83226179
-19.09729089 5.94083163 411.62333333 0.83226179
-19.24055343 5.45903871 412.28666667 0.83226179
-19.37166322 4.97379774 412.95000000 0.83226179
-19.49053746 4.48541522 413.61333333 0.83226179
-19.59710105 3.99419961 414.27666667 0.83226179
-19.69128669 3.50046118 414.94000000 0.83226179
-19.77303489 3.00451178 415.60333333 0.83226179
-19.84229403 2.50666467 416.26666667 0.83226179
-19.89902034 2.00723430 416.93000000 0.83226179
-19.94317801 1.50653611 417.59333333 0.83226179
-19.97473913 1.00488636 418.25666667 0.83226179
-19.99368379 0.50260191 418.92000000 0.83226179
-20.00000000 -0.00000000 419.58333333 0.83226179
-19.99368379 -0.50260191 420.24666667 0.83226179
-19.97473913 -1.00488636 420.91000000 0.83226179
-19.94317801 -1.50653611 421.57333333 0.83226179
-19.89902034 -2.00723430 422.23666667 0.83226179
-19.84229403 -2.50666467 422.90000000 0.83226179
-19.77303489 -3.00451178 423.56333333 0.83226179
-19.69128669 -3.50046118 424.22666667 0.83226179
-19.59710105 -3.99419961 424.89000000 0.83226179
-19.49053746 -4.48541522 425.55333333 0.83226179
-19.37166322 -4.97379774 426.21666667 0.83226179
-19.24055343 -5.45903871 426.88000000 0.83226179
-19.09729089 -5.94083163 427.54333333 0.83226179
-18.94196610 -6.41887220 428.20666667 0.83226179
-18.77467715 -6.89285846 428.87000000 0.83226179
-18.59552972 -7.36249105 429.53333333 0.83226179
-18.40463695 -7.82747334 430.19666667 0.83226179
-18.20211941 -8.28751162 430.86000000 0.83226179
-17.98810503 -8.74231533 431.52333333 0.83226179
-17.76272898 -9.19159721 432.18666667 0.83226179
-17.52613360 -9.63507348 432.85000000 0.83226179
-17.27846834 -10.07246403 433.51333333 0.83226179
-17.01988964 -10.50349260 434.17666667 0.83226179
-16.75056080 -10.92788693 434.84000000 0.83226179
-16.47065195 -11.34537898 435.50333333 0.83226179
-16.18033989 -11.75570505 436.16666667 0.83226179
-15.87980797 -12.15860595 436.83000000 0.83226179
-15.56924603 -12.55382723 437.49333333 0.83226179
-15.24885022 -12.94111923 438.15666667 0.83226179
-14.91882291 -13.32023735 438.82000000 0.83226179
-14.57937255 -13.69094212 439.48333333 0.83226179
-14.23071354 -14.05299940 440.14666667 0.83226179
-13.87306612 -14.40618050 440.81000000 0.83226179
-13.50665616 -14.75026235 441.47333333 0.83226179
-13.13171512 -15.08502761 442.13666667 0.83226179
-12.74847979 -15.41026486 442.80000000 0.83226179
-12.35719226 -15.72576864 443.46333333 0.83226179
-11.95809966 -16.03133970 444.12666667 0.83226179
-11.55145407 -16.32678501 444.79000000 0.83226179
-11.13751233 -16.61191798 445.45333333 0.83226179
-10.71653590 -16.88655851 446.11666667 0.83226179
-10.28879068 -17.15053312 446.78000000 0.83226179
-9.85454683 -17.40367509 447.44333333 0.83226179
-9.41407864 -17.64582453 448.10666667 0.83226179
-8.96766432 -17.87682848 448.77000000 0.83226179
-8.51558583 -18.09654105 449.43333333 0.83226179
-8.05812871 -18.30482345 450.09666667 0.83226179
-7.59558191 -18.50154414 450.76000000 0.83226179
-7.12823757 -18.68657885 451.42333333 0.83226179
-6.65639089 -18.85981072 452.08666667 0.83226179
-6.18033989 -19.02113033 452.75000000 0.83226179
-5.70038525 -19.17043578 453.41333333 0.83226179
-5.21683013 -19.30763278 454.07666667 0.83226179
-4.72997994 -19.43263466 454.74000000 0.83226179
-4.24014220 -19.54536247 455.40333333 0.83226179
-3.74762629 -19.64574501 456.06666667 0.83226179
-3.25274330 -19.73371888 456.73000000 0.83226179
-2.75580581 -19.80922851 457.39333333 0.83226179
-2.25712770 -19.87222621 458.05666667 0.83226179
-1.75702393 -19.92267218 458.72000000 0.83226179
-1.25581039 -19.96053457 459.38333333 0.83226179
-0.75380365 -19.98578945 460.04666667 0.83226179
-0.25132080 -19.99842088 460.71000000 0.83226179
0.25132080 -19.99842088 461.37333333 0.83226179
0.75380365 -19.98578945 462.03666667 0.83226179
1.25581039 -19.96053457 462.70000000 0.83226179
1.75702393 -19.92267218 463.36333333 0.83226179
2.25712770 -19.87222621 464.02666667 0.83226179
2.75580581 -19.80922851 464.69000000 0.83226179
3.25274330 -19.73371888 465.35333333 0.83226179
3.74762629 -19.64574501 466.01666667 0.83226179
4.24014220 -19.54536247 466.68000000 0.83226179
4.72997994 -19.43263466 467.34333333 0.83226179
5.21683013 -19.30763278 468.00666667 0.83226179
5.70038525 -19.17043578 468.67000000 0.83226179
6.18033989 -19.02113033 469.33333333 0.83226179
6.65639089 -18.85981072 469.99666667 0.83226179
7.12823757 -18.68657885 470.66000000 0.83226179
7.59558191 -18.50154414 471.32333333 0.83226179
8.05812871 -18.30482345 471.98666667 0.83226179
8.51558583 -18.09654105 472.65000000 0.83226179
8.96766432 -17.87682848 473.31333333 0.83226179
9.41407864 -17.64582453 473.97666667 0.83226179
9.85454683 -17.40367509 474.64000000 0.83226179
10.28879068 -17.15053312 475.30333333 0.83226179
10.71653590 -16.88655851 475.96666667 0.83226179
11.13751233 -16.61191798 476.63000000 0.83226179
11.55145407 -16.32678501 477.29333333 0.83226179
11.95809966 -16.03133970 477.95666667 0.83226179
12.35719226 -15.72576864 478.62000000 0.83226179
12.74847979 -15.41026486 479.28333333 0.83226179
13.13171512 -15.08502761 479.94666667 0.83226179
13.50665616 -14.75026235 480.61000000 0.83226179
13.87306612 -14.40618050 481.27333333 0.83226179
14.23071354 -14.05299940 481.93666667 0.83226179
14.57937255 -13.69094212 482.60000000 0.83226179
14.91882291 -13.32023735 483.26333333 0.83226179
15.24885022 -12.94111923 483.92666667 0.83226179
15.56924603 -12.55382723 484.59000000 0.83226179
15.87980797 -12.15860595 485.25333333 0.83226179
16.18033989 -11.75570505 485.91666667 0.83226179
16.47065195 -11.34537898 486.58000000 0.83226179
16.75056080 -10.92788693 487.24333333 0.83226179
17.01988964 -10.50349260 487.90666667 0.83226179
17.27846834 -10.07246403 488.57000000 0.83226179
17.52613360 -9.63507348 489.23333333 0.83226179
17.76272898 -9.19159721 489.89666667 0.83226179
17.98810503 -8.74231533 490.56000000 0.83226179
18.20211941 -8.28751162 491.22333333 0.83226179
18.40463695 -7.82747334 491.88666667 0.83226179
18.59552972 -7.36249105 492.55000000 0.83226179
18.77467715 -6.89285846 493.21333333 0.83226179
18.94196610 -6.41887220 493.87666667 0.83226179
19.09729089 -5.94083163 494.54000000 0.83226179
19.24055343 -5.45903871 495.20333333 0.83226179
19.37166322 -4.97379774 495.86666667 0.83226179
19.49053746 -4.48541522 496.53000000 0.83226179
19.59710105 -3.99419961 497.19333333 0.83226179
19.69128669 -3.50046118 497.85666667 0.83226179
19.77303489 -3.00451178 498.52000000 0.83226179
19.84229403 -2.50666467 499.18333333 0.83226179
19.89902034 -2.00723430 499.84666667 0.83226179
19.94317801 -1.50653611 500.51000000 0.83226179
19.97473913 -1.00488636 501.17333333 0.83226179
19.99368379 -0.50260191 501.83666667 0.83226179
20.00000000 -0.00000000 502.50000000 0.83226179
19.99368379 0.50260191 503.16333333 0.83226179
19.97473913 1.00488636 503.82666667 0.83226179
19.94317801 1.50653611 504.49000000 0.83226179
19.89902034 2.00723430 505.15333333 0.83226179
19.84229403 2.50666467 505.81666667 0.83226179
19.77303489 3.00451178 506.48000000 0.83226179
19.69128669 3.50046118 507.14333333 0.83226179
19.59710105 3.99419961 507.80666667 0.83226179
19.49053746 4.48541522 508.47000000 0.83226179
19.37166322 4.97379774 509.13333333 0.83226179
19.24055343 5.45903871 509.79666667 0.83226179
19.09729089 5.94083163 510.46000000 0.83226179
18.94196610 6.41887220 511.12333333 0.83226179
18.77467715 6.89285846 511.78666667 0.83226179
18.59552972 7.36249105 512.45000000 0.83226179
18.40463695 7.82747334 513.11333333 0.83226179
18.20211941 8.28751162 513.77666667 0.83226179
17.98810503 8.74231533 514.44000000 0.83226179
17.76272898 9.19159721 515.10333333 0.83226179
17.52613360 9.63507348 515.76666667 0.83226179
17.27846834 10.07246403 516.43000000 0.83226179
17.01988964 10.50349260 517.09333333 0.83226179
16.75056080 10.92788693 517.75666667 0.83226179
16.47065195 11.34537898 518.42000000 0.83226179
16.18033989 11.75570505 519.08333333 0.83226179
15.87980797 12.15860595 519.74666667 0.83226179
15.56924603 12.55382723 520.41000000 0.83226179
15.24885022 12.94111923 521.07333333 0.83226179
14.91882291 13.32023735 521.73666667 0.83226179
14.57937255 13.69094212 522.40000000 0.83226179
14.23071354 14.05299940 523.06333333 0.83226179
13.87306612 14.40618050 523.72666667 0.83226179
13.50665616 14.75026235 524.39000000 0.83226179
13.13171512 15.08502761 525.05333333 0.83226179
12.74847979 15.41026486 525.71666667 0.83226179
12.35719226 15.72576864 526.38000000 0.83226179
11.95809966 16.03133970 527.04333333 0.83226179
11.55145407 16.32678501 527.70666667 0.83226179
11.13751233 16.61191798 528.37000000 0.83226179
10.71653590 16.88655851 529.03333333 0.83226179
10.28879068 17.15053312 529.69666667 0.83226179
9.85454683 17.40367509 530.36000000 0.83226179
9.41407864 17.64582453 531.02333333 0.83226179
8.96766432 17.87682848 531.68666667 0.83226179
8.51558583 18.09654105 532.35000000 0.83226179
8.05812871 18.30482345 533.01333333 0.83226179
7.59558191 18.50154414 533.67666667 0.83226179
7.12823757 18.68657885 534.34000000 0.83226179
6.65639089 18.85981072 535.00333333 0.83226179
6.18033989 19.02113033 535.66666667 0.83226179
5.70038525 19.17043578 536.33000000 0.83226179
5.21683013 19.30763278 536.99333333 0.83226179
4.72997994 19.43263466 537.65666667 0.83226179
4.24014220 19.54536247 538.32000000 0.83226179
3.74762629 19.64574501 538.98333333 0.83226179
3.25274330 19.73371888 539.64666667 0.83226179
2.75580581 19.80922851 540.31000000 0.83226179
2.25712770 19.87222621 540.97333333 0.83226179
1.75702393 19.92267218 541.63666667 0.83226179
1.25581039 19.96053457 542.30000000 0.83226179
0.75380365 19.98578945 542.96333333 0.83226179
0.25132080 19.99842088 543.62666667 0.83226179
-0.25132080 19.99842088 544.29000000 0.83226179
-0.75380365 19.98578945 544.95333333 0.83226179
-1.25581039 19.96053457 545.61666667 0.83226179
-1.75702393 19.92267218 546.28000000 0.83226179
-2.25712770 19.87222621 546.94333333 0.83226179
-2.75580581 19.80922851 547.60666667 0.83226179
-3.25274330 19.73371888 548.27000000 0.83226179
-3.74762629 19.64574501 548.93333333 0.83226179
-4.24014220 19.54536247 549.59666667 0.83226179
-4.72997994 19.43263466 550.26000000 0.83226179
-5.21683013 19.30763278 550.92333333 0.83226179
-5.70038525 19.17043578 551.58666667 0.83226179
-6.18033989 19.02113033 552.25000000 0.83226179
-6.65639089 18.85981072 552.91333333 0.83226179
-7.12823757 18.68657885 553.57666667 0.83226179
-7.59558191 18.50154414 554.24000000 0.83226179
-8.05812871 18.30482345 554.90333333 0.83226179
-8.51558583 18.09654105 555.56666667 0.83226179
-8.96766432 17.87682848 556.23000000 0.83226179
-9.41407864 17.64582453 556.89333333 0.83226179
-9.85454683 17.40367509 557.55666667 0.83226179
-10.28879068 17.15053312 558.22000000 0.83226179
-10.71653590 16.88655851 558.88333333 0.83226179
-11.13751233 16.61191798 559.54666667 0.83226179
-11.55145407 16.32678501 560.21000000 0.83226179
-11.95809966 16.03133970 560.87333333 0.83226179
-12.35719226 15.72576864 561.53666667 0.83226179
-12.74847979 15.41026486 562.20000000 0.83226179
-13.13171512 15.08502761 562.86333333 0.83226179
-13.50665616 14.75026235 563.52666667 0.83226179
-13.87306612 14.40618050 564.19000000 0.83226179
-14.23071354 14.05299940 564.85333333 0.83226179
-14.57937255 13.69094212 565.51666667 0.83226179
-14.91882291 13.32023735 566.18000000 0.83226179
-15.24885022 12.94111923 566.84333333 0.83226179
-15.56924603 12.55382723 567.50666667 0.83226179
-15.87980797 12.15860595 568.17000000 0.83226179
-16.18033989 11.75570505 568.83333333 0.83226179
-16.47065195 11.34537898 569.49666667 0.83226179
-16.75056080 10.92788693 570.16000000 0.83226179
-17.01988964 10.50349260 570.82333333 0.83226179
-17.27846834 10.07246403 571.48666667 0.83226179
-17.52613360 9.63507348 572.15000000 0.83226179
-17.76272898 9.19159721 572.81333333 0.83226179
-17.98810503 8.74231533 573.47666667 0.83226179
-18.20211941 8.28751162 574.14000000 0.83226179
-18.40463695 7.82747334 574.80333333 0.83226179
-18.59552972 7.36249105 575.46666667 0.83226179
-18.77467715 6.89285846 576.13000000 0.83226179
-18.94196610 6.41887220 576.79333333 0.83226179
-19.09729089 5.94083163 577.45666667 0.83226179
-19.24055343 5.45903871 578.12000000 0.83226179
-19.37166322 4.97379774 578.78333333 0.83226179
-19.49053746 4.48541522 579.44666667 0.83226179
-19.59710105 3.99419961 580.11000000 0.83226179
-19.69128669 3.50046118 580.77333333 0.83226179
-19.77303489 3.00451178 581.43666667 0.83226179
-19.84229403 2.50666467 582.10000000 0.83226179
-19.89902034 2.00723430 582.76333333 0.83226179
-19.94317801 1.50653611 583.42666667 0.83226179
-19.97473913 1.00488636 584.09000000 0.83226179
-19.99368379 0.50260191 584.75333333 0.83226179
-20.00000000 -0.00000000 585.41666667 0.83226179
-19.99368379 -0.50260191 586.08000000 0.83226179
-19.97473913 -1.00488636 586.74333333 0.83226179
-19.94317801 -1.50653611 587.40666667 0.83226179
-19.89902034 -2.00723430 588.07000000 0.83226179
-19.84229403 -2.50666467 588.73333333 0.83226179
-19.77303489 -3.00451178 589.39666667 0.83226179
-19.69128669 -3.50046118 590.06000000 0.83226179
-19.59710105 -3.99419961 590.72333333 0.83226179
-19.49053746 -4.48541522 591.38666667 0.83226179
-19.37166322 -4.97379774 592.05000000 0.83226179
-19.24055343 -5.45903871 592.71333333 0.83226179
-19.09729089 -5.94083163 593.37666667 0.83226179
-18.94196610 -6.41887220 594.04000000 0.83226179
-18.77467715 -6.89285846 594.70333333 0.83226179
-18.59552972 -7.36249105 595.36666667 0.83226179
-18.40463695 -7.82747334 596.03000000 0.83226179
-18.20211941 -8.28751162 596.69333333 0.83226179
-17.98810503 -8.74231533 597.35666667 0.83226179
-17.76272898 -9.19159721 598.02000000 0.83226179
-17.52613360 -9.63507348 598.68333333 0.83226179
-17.27846834 -10.07246403 599.34666667 0.83226179
-17.01988964 -10.50349260 600.01000000 0.83226179
-16.75056080 -10.92788693 600.67333333 0.83226179
-16.47065195 -11.34537898 601.33666667 0.83226179
-16.18033989 -11.75570505 602.00000000 0.83226179
-15.87980797 -12.15860595 602.66333333 0.83226179
-15.56924603 -12.55382723 603.32666667 0.83226179
-15.24885022 -12.94111923 603.99000000 0.83226179
-14.91882291 -13.32023735 604.65333333 0.83226179
-14.57937255 -13.69094212 605.31666667 0.83226179
-14.23071354 -14.05299940 605.98000000 0.83226179
-13.87306612 -14.40618050 606.64333333 0.83226179
-13.50665616 -14.75026235 607.30666667 0.83226179
-13.13171512 -15.08502761 607.97000000 0.83226179
-12.74847979 -15.41026486 608.63333333 0.83226179
-12.35719226 -15.72576864 609.29666667 0.83226179
-11.95809966 -16.03133970 609.96000000 0.83226179
-11.55145407 -16.32678501 610.62333333 0.83226179
-11.13751233 -16.61191798 611.28666667 0.83226179
-10.71653590 -16.88655851 611.95000000 0.83226179
-10.28879068 -17.15053312 612.61333333 0.83226179
-9.85454683 -17.40367509 613.27666667 0.83226179
-9.41407864 -17.64582453 613.94000000 0.83226179
-8.96766432 -17.87682848 614.60333333 0.83226179
-8.51558583 -18.09654105 615.26666667 0.83226179
-8.05812871 -18.30482345 615.93000000 0.83226179
-7.59558191 -18.50154414 616.59333333 0.83226179
-7.12823757 -18.68657885 617.25666667 0.83226179
-6.65639089 -18.85981072 617.92000000 0.83226179
-6.18033989 -19.02113033 618.58333333 0.83226179
-5.70038525 -19.17043578 619.24666667 0.83226179
-5.21683013 -19.30763278 619.91000000 0.83226179
-4.72997994 -19.43263466 620.57333333 0.83226179
-4.24014220 -19.54536247 621.23666667 0.83226179
-3.74762629 -19.64574501 621.90000000 0.83226179
-3.25274330 -19.73371888 622.56333333 0.83226179
-2.75580581 -19.80922851 623.22666667 0.83226179
-2.25712770 -19.87222621 623.89000000 0.83226179
-1.75702393 -19.92267218 624.55333333 0.83226179
-1.25581039 -19.96053457 625.21666667 0.83226179
-0.75380365 -19.98578945 625.88000000 0.83226179
-0.25132080 -19.99842088 626.54333333 0.83226179
0.25132080 -19.99842088 627.20666667 0.83226179
0.75380365 -19.98578945 627.87000000 0.83226179
1.25581039 -19.96053457 628.53333333 0.83226179
1.75702393 -19.92267218 629.19666667 0.83226179
2.25712770 -19.87222621 629.86000000 0.83226179
2.75580581 -19.80922851 630.52333333 0.83226179
3.25274330 -19.73371888 631.18666667 0.83226179
3.74762629 -19.64574501 631.85000000 0.83226179
4.24014220 -19.54536247 632.51333333 0.83226179
4.72997994 -19.43263466 633.17666667 0.83226179
5.21683013 -19.30763278 633.84000000 0.83226179
5.70038525 -19.17043578 634.50333333 0.83226179
6.18033989 -19.02113033 635.16666667 0.83226179
6.65639089 -18.85981072 635.83000000 0.83226179
7.12823757 -18.68657885 636.49333333 0.83226179
7.59558191 -18.50154414 637.15666667 0.83226179
8.05812871 -18.30482345 637.82000000 0.83226179
8.51558583 -18.09654105 638.48333333 0.83226179
8.96766432 -17.87682848 639.14666667 0.83226179
9.41407864 -17.64582453 639.81000000 0.83226179
9.85454683 -17.40367509 640.47333333 0.83226179
10.28879068 -17.15053312 641.13666667 0.83226179
10.71653590 -16.88655851 641.80000000 0.83226179
11.13751233 -16.61191798 642.46333333 0.83226179
11.55145407 -16.32678501 643.12666667 0.83226179
11.95809966 -16.03133970 643.79000000 0.83226179
12.35719226 -15.72576864 644.45333333 0.83226179
12.74847979 -15.41026486 645.11666667 0.83226179
13.13171512 -15.08502761 645.78000000 0.83226179
13.50665616 -14.75026235 646.44333333 0.83226179
13.87306612 -14.40618050 647.10666667 0.83226179
14.23071354 -14.05299940 647.77000000 0.83226179
14.57937255 -13.69094212 648.43333333 0.83226179
14.91882291 -13.32023735 649.09666667 0.83226179
15.24885022 -12.94111923 649.76000000 0.83226179
15.56924603 -12.55382723 650.42333333 0.83226179
15.87980797 -12.15860595 651.08666667 0.83226179
16.18033989 -11.75570505 651.75000000 0.83226179
16.47065195 -11.34537898 652.41333333 0.83226179
16.75056080 -10.92788693 653.07666667 0.83226179
17.01988964 -10.50349260 653.74000000 0.83226179
17.27846834 -10.07246403 654.40333333 0.83226179
17.52613360 -9.63507348 655.06666667 0.83226179
17.76272898 -9.19159721 655.73000000 0.83226179
17.98810503 -8.74231533 656.39333333 0.83226179
18.20211941 -8.28751162 657.05666667 0.83226179
18.40463695 -7.82747334 657.72000000 0.83226179
18.59552972 -7.36249105 658.38333333 0.83226179
18.77467715 -6.89285846 659.04666667 0.83226179
18.94196610 -6.41887220 659.71000000 0.83226179
19.09729089 -5.94083163 660.37333333 0.83226179
19.24055343 -5.45903871 661.03666667 0.83226179
19.37166322 -4.97379774 661.70000000 0.83226179
19.49053746 -4.48541522 662.36333333 0.83226179
19.59710105 -3.99419961 663.02666667 0.83226179
19.69128669 -3.50046118 663.69000000 0.83226179
19.77303489 -3.00451178 664.35333333 0.83226179
19.84229403 -2.50666467 665.01666667 0.83226179
19.89902034 -2.00723430 665.68000000 0.83226179
19.94317801 -1.50653611 666.34333333 0.83226179
19.97473913 -1.00488636 667.00666667 0.83226179
19.99368379 -0.50260191 667.67000000 0.83226179
20.00000000 0.00000000 668.33333333 0.83226179
19.99368379 0.50260191 668.99666667 0.83226179
19.97473913 1.00488636 669.66000000 0.83226179
19.94317801 1.50653611 670.32333333 0.83226179
19.89902034 2.00723430 670.98666667 0.83226179
19.84229403 2.50666467 671.65000000 0.83226179
19.77303489 3.00451178 672.31333333 0.83226179
19.69128669 3.50046118 672.97666667 0.83226179
19.59710105 3.99419961 673.64000000 0.83226179
19.49053746 4.48541522 674.30333333 0.83226179
19.37166322 4.97379774 674.96666667 0.83226179
19.24055343 5.45903871 675.63000000 0.83226179
19.09729089 5.94083163 676.29333333 0.83226179
18.94196610 6.41887220 676.95666667 0.83226179
18.77467715 6.89285846 677.62000000 0.83226179
18.59552972 7.36249105 678.28333333 0.83226179
18.40463695 7.82747334 678.94666667 0.83226179
18.20211941 8.28751162 679.61000000 0.83226179
17.98810503 8.74231533 680.27333333 0.83226179
17.76272898 9.19159721 680.93666667 0.83226179
17.52613360 9.63507348 681.60000000 0.83226179
17.27846834 10.07246403 682.26333333 0.83226179
17.01988964 10.50349260 682.92666667 0.83226179
16.75056080 10.92788693 683.59000000 0.83226179
16.47065195 11.34537898 684.25333333 0.83226179
16.18033989 11.75570505 684.91666667 0.83226179
15.87980797 12.15860595 685.58000000 0.83226179
15.56924603 12.55382723 686.24333333 0.83226179
15.24885022 12.94111923 686.90666667 0.83226179
14.91882291 13.32023735 687.57000000 0.83226179
14.57937255 13.69094212 688.23333333 0.83226179
14.23071354 14.05299940 688.89666667 0.83226179
13.87306612 14.40618050 689.56000000 0.83226179
13.50665616 14.75026235 690.22333333 0.83226179
13.13171512 15.08502761 690.88666667 0.83226179
12.74847979 15.41026486 691.55000000 0.83226179
12.35719226 15.72576864 692.21333333 0.83226179
11.95809966 16.03133970 692.87666667 0.83226179
11.55145407 16.32678501 693.54000000 0.83226179
11.13751233 16.61191798 694.20333333 0.83226179
10.71653590 16.88655851 694.86666667 0.83226179
10.28879068 17.15053312 695.53000000 0.83226179
9.85454683 17.40367509 696.19333333 0.83226179
9.41407864 17.64582453 696.85666667 0.83226179
8.96766432 17.87682848 697.52000000 0.83226179
8.51558583 18.09654105 698.18333333 0.83226179
8.05812871 18.30482345 698.84666667 0.83226179
7.59558191 18.50154414 699.51000000 0.83226179
7.12823757 18.68657885 700.17333333 0.83226179
6.65639089 18.85981072 700.83666667 0.83226179
6.18033989 19.02113033 701.50000000 0.83226179
5.70038525 19.17043578 702.16333333 0.83226179
5.21683013 19.30763278 702.82666667 0.83226179
4.72997994 19.43263466 703.49000000 0.83226179
4.24014220 19.54536247 704.15333333 0.83226179
3.74762629 19.64574501 704.81666667 0.83226179
3.25274330 19.73371888 705.48000000 0.83226179
2.75580581 19.80922851 706.14333333 0.83226179
2.25712770 19.87222621 706.80666667 0.83226179
1.75702393 19.92267218 707.47000000 0.83226179
1.25581039 19.96053457 708.13333333 0.83226179
0.75380365 19.98578945 708.79666667 0.83226179
0.25132080 19.99842088 709.46000000 0.83226179
-0.25132080 19.99842088 710.12333333 0.83226179
-0.75380365 19.98578945 710.78666667 0.83226179
-1.25581039 19.96053457 711.45000000 0.83226179
-1.75702393 19.92267218 712.11333333 0.83226179
-2.25712770 19.87222621 712.77666667 0.83226179
-2.75580581 19.80922851 713.44000000 0.83226179
-3.25274330 19.73371888 714.10333333 0.83226179
-3.74762629 19.64574501 714.76666667 0.83226179
-4.24014220 19.54536247 715.43000000 0.83226179
-4.72997994 19.43263466 716.09333333 0.83226179
-5.21683013 19.30763278 716.75666667 0.83226179
-5.70038525 19.17043578 717.42000000 0.83226179
-6.18033989 19.02113033 718.08333333 0.83226179
-6.65639089 18.85981072 718.74666667 0.83226179
-7.12823757 18.68657885 719.41000000 0.83226179
-7.59558191 18.50154414 720.07333333 0.83226179
-8.05812871 18.30482345 720.73666667 0.83226179
-8.51558583 18.09654105 721.40000000 0.83226179
-8.96766432 17.87682848 722.06333333 0.83226179
-9.41407864 17.64582453 722.72666667 0.83226179
-9.85454683 17.40367509 723.39000000 0.83226179
-10.28879068 17.15053312 724.05333333 0.83226179
-10.71653590 16.88655851 724.71666667 0.83226179
-11.13751233 16.61191798 725.38000000 0.83226179
-11.55145407 16.32678501 726.04333333 0.83226179
-11.95809966 16.03133970 726.70666667 0.83226179
-12.35719226 15.72576864 727.37000000 0.83226179
-12.74847979 15.41026486 728.03333333 0.83226179
-13.13171512 15.08502761 728.69666667 0.83226179
-13.50665616 14.75026235 729.36000000 0.83226179
-13.87306612 14.40618050 730.02333333 0.83226179
-14.23071354 14.05299940 730.68666667 0.83226179
-14.57937255 13.69094212 731.35000000 0.83226179
-14.91882291 13.32023735 732.01333333 0.83226179
-15.24885022 12.94111923 732.67666667 0.83226179
-15.56924603 12.55382723 733.34000000 0.83226179
-15.87980797 12.15860595 734.00333333 0.83226179
-16.18033989 11.75570505 734.66666667 0.83226179
-16.47065195 11.34537898 735.33000000 0.83226179
-16.75056080 10.92788693 735.99333333 0.83226179
-17.01988964 10.50349260 736.65666667 0.83226179
-17.27846834 10.07246403 737.32000000 0.83226179
-17.52613360 9.63507348 737.98333333 0.83226179
-17.76272898 9.19159721 738.64666667 0.83226179
-17.98810503 8.74231533 739.31000000 0.83226179
-18.20211941 8.28751162 739.97333333 0.83226179
-18.40463695 7.82747334 740.63666667 0.83226179
-18.59552972 7.36249105 741.30000000 0.83226179
-18.77467715 6.89285846 741.96333333 0.83226179
-18.94196610 6.41887220 742.62666667 0.83226179
-19.09729089 5.94083163 743.29000000 0.83226179
-19.24055343 5.45903871 743.95333333 0.83226179
-19.37166322 4.97379774 744.61666667 0.83226179
-19.49053746 4.48541522 745.28000000 0.83226179
-19.59710105 3.99419961 745.94333333 0.83226179
-19.69128669 3.50046118 746.60666667 0.83226179
-19.77303489 3.00451178 747.27000000 0.83226179
-19.84229403 2.50666467 747.93333333 0.83226179
-19.89902034 2.00723430 748.59666667 0.83226179
-19.94317801 1.50653611 749.26000000 0.83226179
-19.97473913 1.00488636 749.92333333 0.83226179
-19.99368379 0.50260191 750.58666667 0.83226179
-20.00000000 -0.00000000 751.25000000 0.83226179
-19.99368379 -0.50260191 751.91333333 0.83226179
-19.97473913 -1.00488636 752.57666667 0.83226179
-19.94317801 -1.50653611 753.24000000 0.83226179
-19.89902034 -2.00723430 753.90333333 0.83226179
-19.84229403 -2.50666467 754.56666667 0.83226179
-19.77303489 -3.00451178 755.23000000 0.83226179
-19.69128669 -3.50046118 755.89333333 0.83226179
-19.59710105 -3.99419961 756.55666667 0.83226179
-19.49053746 -4.48541522 757.22000000 0.83226179
-19.37166322 -4.97379774 757.88333333 0.83226179
-19.24055343 -5.45903871 758.54666667 0.83226179
-19.09729089 -5.94083163 759.21000000 0.83226179
-18.94196610 -6.41887220 759.87333333 0.83226179
-18.77467715 -6.89285846 760.53666667 0.83226179
-18.59552972 -7.36249105 761.20000000 0.83226179
-18.40463695 -7.82747334 761.86333333 0.83226179
-18.20211941 -8.28751162 762.52666667 0.83226179
-17.98810503 -8.74231533 763.19000000 0.83226179
-17.76272898 -9.19159721 763.85333333 0.83226179
-17.52613360 -9.63507348 764.51666667 0.83226179
-17.27846834 -10.07246403 765.18000000 0.83226179
-17.01988964 -10.50349260 765.84333333 0.83226179
-16.75056080 -10.92788693 766.50666667 0.83226179
-16.47065195 -11.34537898 767.17000000 0.83226179
-16.18033989 -11.75570505 767.83333333 0.83226179
-15.87980797 -12.15860595 768.49666667 0.83226179
-15.56924603 -12.55382723 769.16000000 0.83226179
-15.24885022 -12.94111923 769.82333333 0.83226179
-14.91882291 -13.32023735 770.48666667 0.83226179
-14.57937255 -13.69094212 771.15000000 0.83226179
-14.23071354 -14.05299940 771.81333333 0.83226179
-13.87306612 -14.40618050 772.47666667 0.83226179
-13.50665616 -14.75026235 773.14000000 0.83226179
-13.13171512 -15.08502761 773.80333333 0.83226179
-12.74847979 -15.41026486 774.46666667 0.83226179
-12.35719226 -15.72576864 775.13000000 0.83226179
-11.95809966 -16.03133970 775.79333333 0.83226179
-11.55145407 -16.32678501 776.45666667 0.83226179
-11.13751233 -16.61191798 777.12000000 0.83226179
-10.71653590 -16.88655851 777.78333333 0.83226179
-10.28879068 -17.15053312 778.44666667 0.83226179
-9.85454683 -17.40367509 779.11000000 0.83226179
-9.41407864 -17.64582453 779.77333333 0.83226179
-8.96766432 -17.87682848 780.43666667 0.83226179
-8.51558583 -18.09654105 781.10000000 0.83226179
-8.05812871 -18.30482345 781.76333333 0.83226179
-7.59558191 -18.50154414 782.42666667 0.83226179
-7.12823757 -18.68657885 783.09000000 0.83226179
-6.65639089 -18.85981072 783.75333333 0.83226179
-6.18033989 -19.02113033 784.41666667 0.83226179
-5.70038525 -19.17043578 785.08000000 0.83226179
-5.21683013 -19.30763278 785.74333333 0.83226179
-4.72997994 -19.43263466 786.40666667 0.83226179
-4.24014220 -19.54536247 787.07000000 0.83226179
-3.74762629 -19.64574501 787.73333333 0.83226179
-3.25274330 -19.73371888 788.39666667 0.83226179
-2.75580581 -19.80922851 789.06000000 0.83226179
-2.25712770 -19.87222621 789.72333333 0.83226179
-1.75702393 -19.92267218 790.38666667 0.83226179
-1.25581039 -19.96053457 791.05000000 0.83226179
-0.75380365 -19.98578945 791.71333333 0.83226179
-0.25132080 -19.99842088 792.37666667 0.83226179
0.25132080 -19.99842088 793.04000000 0.83226179
0.75380365 -19.98578945 793.70333333 0.83226179
1.25581039 -19.96053457 794.36666667 0.83226179
1.75702393 -19.92267218 795.03000000 0.83226179
2.25712770 -19.87222621 795.69333333 0.83226179
2.75580581 -19.80922851 796.35666667 0.83226179
3.25274330 -19.73371888 797.02000000 0.83226179
3.74762629 -19.64574501 797.68333333 0.83226179
4.24014220 -19.54536247 798.34666667 0.83226179
4.72997994 -19.43263466 799.01000000 0.83226179
5.21683013 -19.30763278 799.67333333 0.83226179
5.70038525 -19.17043578 800.33666667 0.83226179
6.18033989 -19.02113033 801.00000000 0.83226179
6.65639089 -18.85981072 801.66333333 0.83226179
7.12823757 -18.68657885 802.32666667 0.83226179
7.59558191 -18.50154414 802.99000000 0.83226179
8.05812871 -18.30482345 803.65333333 0.83226179
8.51558583 -18.09654105 804.31666667 0.83226179
8.96766432 -17.87682848 804.98000000 0.83226179
9.41407864 -17.64582453 805.64333333 0.83226179
9.85454683 -17.40367509 806.30666667 0.83226179
10.28879068 -17.15053312 806.97000000 0.83226179
10.71653590 -16.88655851 807.63333333 0.83226179
11.13751233 -16.61191798 808.29666667 0.83226179
11.55145407 -16.32678501 808.96000000 0.83226179
11.95809966 -16.03133970 809.62333333 0.83226179
12.35719226 -15.72576864 810.28666667 0.83226179
12.74847979 -15.41026486 810.95000000 0.83226179
13.13171512 -15.08502761 811.61333333 0.83226179
13.50665616 -14.75026235 812.27666667 0.83226179
13.87306612 -14.40618050 812.94000000 0.83226179
14.23071354 -14.05299940 813.60333333 0.83226179
14.57937255 -13.69094212 814.26666667 0.83226179
14.91882291 -13.32023735 814.93000000 0.83226179
15.24885022 -12.94111923 815.59333333 0.83226179
15.56924603 -12.55382723 816.25666667 0.83226179
15.87980797 -12.15860595 816.92000000 0.83226179
16.18033989 -11.75570505 817.58333333 0.83226179
16.47065195 -11.34537898 818.24666667 0.83226179
16.75056080 -10.92788693 818.91000000 0.83226179
17.01988964 -10.50349260 819.57333333 0.83226179
17.27846834 -10.07246403 820.23666667 0.83226179
17.52613360 -9.63507348 820.90000000 0.83226179
17.76272898 -9.19159721 821.56333333 0.83226179
17.98810503 -8.74231533 822.22666667 0.83226179
18.20211941 -8.28751162 822.89000000 0.83226179
18.40463695 -7.82747334 823.55333333 0.83226179
18.59552972 -7.36249105 824.21666667 0.83226179
18.77467715 -6.89285846 824.88000000 0.83226179
18.94196610 -6.41887220 825.54333333 0.83226179
19.09729089 -5.94083163 826.20666667 0.83226179
19.24055343 -5.45903871 826.87000000 0.83226179
19.37166322 -4.97379774 827.53333333 0.83226179
19.49053746 -4.48541522 828.19666667 0.83226179
19.59710105 -3.99419961 828.86000000 0.83226179
19.69128669 -3.50046118 829.52333333 0.83226179
19.77303489 -3.00451178 830.18666667 0.83226179
19.84229403 -2.50666467 830.85000000 0.83226179
19.89902034 -2.00723430 831.51333333 0.83226179
19.94317801 -1.50653611 832.17666667 0.83226179
19.97473913 -1.00488636 832.84000000 0.83226179
19.99368379 -0.50260191 833.50333333 0.83226179
20.00000000 0.00000000 834.16666667 0.83226179
19.99368379 0.50260191 834.83000000 0.83226179
19.97473913 1.00488636 835.49333333 0.83226179
19.94317801 1.50653611 836.15666667 0.83226179
19.89902034 2.00723430 836.82000000 0.83226179
19.84229403 2.50666467 837.48333333 0.83226179
19.77303489 3.00451178 838.14666667 0.83226179
19.69128669 3.50046118 838.81000000 0.83226179
19.59710105 3.99419961 839.47333333 0.83226179
19.49053746 4.48541522 840.13666667 0.83226179
19.37166322 4.97379774 840.80000000 0.83226179
19.24055343 5.45903871 841.46333333 0.83226179
19.09729089 5.94083163 842.12666667 0.83226179
18.94196610 6.41887220 842.79000000 0.83226179
18.77467715 6.89285846 843.45333333 0.83226179
18.59552972 7.36249105 844.11666667 0.83226179
18.40463695 7.82747334 844.78000000 0.83226179
18.20211941 8.28751162 845.44333333 0.83226179
17.98810503 8.74231533 846.10666667 0.83226179
17.76272898 9.19159721 846.77000000 0.83226179
17.52613360 9.63507348 847.43333333 0.83226179
17.27846834 10.07246403 848.09666667 0.83226179
17.01988964 10.50349260 848.76000000 0.83226179
16.75056080 10.92788693 849.42333333 0.83226179
16.47065195 11.34537898 850.08666667 0.83226179
16.18033989 11.75570505 850.75000000 0.83226179
15.87980797 12.15860595 851.41333333 0.83226179
15.56924603 12.55382723 852.07666667 0.83226179
15.24885022 12.94111923 852.74000000 0.83226179
14.91882291 13.32023735 853.40333333 0.83226179
14.57937255 13.69094212 854.06666667 0.83226179
14.23071354 14.05299940 854.73000000 0.83226179
13.87306612 14.40618050 855.39333333 0.83226179
13.50665616 14.75026235 856.05666667 0.83226179
13.13171512 15.08502761 856.72000000 0.83226179
12.74847979 15.41026486 857.38333333 0.83226179
12.35719226 15.72576864 858.04666667 0.83226179
11.95809966 16.03133970 858.71000000 0.83226179
11.55145407 16.32678501 859.37333333 0.83226179
11.13751233 16.61191798 860.03666667 0.83226179
10.71653590 16.88655851 860.70000000 0.83226179
10.28879068 17.15053312 861.36333333 0.83226179
9.85454683 17.40367509 862.02666667 0.83226179
9.41407864 17.64582453 862.69000000 0.83226179
8.96766432 17.87682848 863.35333333 0.83226179
8.51558583 18.09654105 864.01666667 0.83226179
8.05812871 18.30482345 864.68000000 0.83226179
7.59558191 18.50154414 865.34333333 0.83226179
7.12823757 18.68657885 866.00666667 0.83226179
6.65639089 18.85981072 866.67000000 0.83226179
6.18033989 19.02113033 867.33333333 0.83226179
5.70038525 19.17043578 867.99666667 0.83226179
5.21683013 19.30763278 868.66000000 0.83226179
4.72997994 19.43263466 869.32333333 0.83226179
4.24014220 19.54536247 869.98666667 0.83226179
3.74762629 19.64574501 870.65000000 0.83226179
3.25274330 19.73371888 871.31333333 0.83226179
2.75580581 19.80922851 871.97666667 0.83226179
2.25712770 19.87222621 872.64000000 0.83226179
1.75702393 19.92267218 873.30333333 0.83226179
1.25581039 19.96053457 873.96666667 0.83226179
0.75380365 19.98578945 874.63000000 0.83226179
0.25132080 19.99842088 875.29333333 0.83226179
-0.25132080 19.99842088 875.95666667 0.83226179
-0.75380365 19.98578945 876.62000000 0.83226179
-1.25581039 19.96053457 877.28333333 0.83226179
-1.75702393 19.92267218 877.94666667 0.83226179
-2.25712770 19.87222621 878.61000000 0.83226179
-2.75580581 19.80922851 879.27333333 0.83226179
-3.25274330 19.73371888 879.93666667 0.83226179
-3.74762629 19.64574501 880.60000000 0.83226179
-4.24014220 19.54536247 881.26333333 0.83226179
-4.72997994 19.43263466 881.92666667 0.83226179
-5.21683013 19.30763278 882.59000000 0.83226179
-5.70038525 19.17043578 883.25333333 0.83226179
-6.18033989 19.02113033 883.91666667 0.83226179
-6.65639089 18.85981072 884.58000000 0.83226179
-7.12823757 18.68657885 885.24333333 0.83226179
-7.59558191 18.50154414 885.90666667 0.83226179
-8.05812871 18.30482345 886.57000000 0.83226179
-8.51558583 18.09654105 887.23333333 0.83226179
-8.96766432 17.87682848 887.89666667 0.83226179
-9.41407864 17.64582453 888.56000000 0.83226179
-9.85454683 17.40367509 889.22333333 0.83226179
-10.28879068 17.15053312 889.88666667 0.83226179
-10.71653590 16.88655851 890.55000000 0.83226179
-11.13751233 16.61191798 891.21333333 0.83226179
-11.55145407 16.32678501 891.87666667 0.83226179
-11.95809966 16.03133970 892.54000000 0.83226179
-12.35719226 15.72576864 893.20333333 0.83226179
-12.74847979 15.41026486 893.86666667 0.83226179
-13.13171512 15.08502761 894.53000000 0.83226179
-13.50665616 14.75026235 895.19333333 0.83226179
-13.87306612 14.40618050 895.85666667 0.83226179
-14.23071354 14.05299940 896.52000000 0.83226179
-14.57937255 13.69094212 897.18333333 0.83226179
-14.91882291 13.32023735 897.84666667 0.83226179
-15.24885022 12.94111923 898.51000000 0.83226179
-15.56924603 12.55382723 899.17333333 0.83226179
-15.87980797 12.15860595 899.83666667 0.83226179
-16.18033989 11.75570505 900.50000000 0.83226179
-16.47065195 11.34537898 901.16333333 0.83226179
-16.75056080 10.92788693 901.82666667 0.83226179
-17.01988964 10.50349260 902.49000000 0.83226179
-17.27846834 10.07246403 903.15333333 0.83226179
-17.52613360 9.63507348 903.81666667 0.83226179
-17.76272898 9.19159721 904.48000000 0.83226179
-17.98810503 8.74231533 905.14333333 0.83226179
-18.20211941 8.28751162 905.80666667 0.83226179
-18.40463695 7.82747334 906.47000000 0.83226179
-18.59552972 7.36249105 907.13333333 0.83226179
-18.77467715 6.89285846 907.79666667 0.83226179
-18.94196610 6.41887220 908.46000000 0.83226179
-19.09729089 5.94083163 909.12333333 0.83226179
-19.24055343 5.45903871 909.78666667 0.83226179
-19.37166322 4.97379774 910.45000000 0.83226179
-19.49053746 4.48541522 911.11333333 0.83226179
-19.59710105 3.99419961 911.77666667 0.83226179
-19.69128669 3.50046118 912.44000000 0.83226179
-19.77303489 3.00451178 913.10333333 0.83226179
-19.84229403 2.50666467 913.76666667 0.83226179
-19.89902034 2.00723430 914.43000000 0.83226179
-19.94317801 1.50653611 915.09333333 0.83226179
-19.97473913 1.00488636 915.75666667 0.83226179
-19.99368379 0.50260191 916.42000000 0.83226179
-20.00000000 -0.00000000 917.08333333 0.83226179
-19.99368379 -0.50260191 917.74666667 0.83226179
-19.97473913 -1.00488636 918.41000000 0.83226179
-19.94317801 -1.50653611 919.07333333 0.83226179
-19.89902034 -2.00723430 919.73666667 0.83226179
-19.84229403 -2.50666467 920.40000000 0.83226179
-19.77303489 -3.00451178 921.06333333 0.83226179
-19.69128669 -3.50046118 921.72666667 0.83226179
-19.59710105 -3.99419961 922.39000000 0.83226179
-19.49053746 -4.48541522 923.05333333 0.83226179
-19.37166322 -4.97379774 923.71666667 0.83226179
-19.24055343 -5.45903871 924.38000000 0.83226179
-19.09729089 -5.94083163 925.04333333 0.83226179
-18.94196610 -6.41887220 925.70666667 0.83226179
-18.77467715 -6.89285846 926.37000000 0.83226179
-18.59552972 -7.36249105 927.03333333 0.83226179
-18.40463695 -7.82747334 927.69666667 0.83226179
-18.20211941 -8.28751162 928.36000000 0.83226179
-17.98810503 -8.74231533 929.02333333 0.83226179
-17.76272898 -9.19159721 929.68666667 0.83226179
-17.52613360 -9.63507348 930.35000000 0.83226179
-17.27846834 -10.07246403 931.01333333 0.83226179
-17.01988964 -10.50349260 931.67666667 0.83226179
-16.75056080 -10.92788693 932.34000000 0.83226179
-16.47065195 -11.34537898 933.00333333 0.83226179
-16.18033989 -11.75570505 933.66666667 0.83226179
-15.87980797 -12.15860595 934.33000000 0.83226179
-15.56924603 -12.55382723 934.99333333 0.83226179
-15.24885022 -12.94111923 935.65666667 0.83226179
-14.91882291 -13.32023735 936.32000000 0.83226179
-14.57937255 -13.69094212 936.98333333 0.83226179
-14.23071354 -14.05299940 937.64666667 0.83226179
-13.87306612 -14.40618050 938.31000000 0.83226179
-13.50665616 -14.75026235 938.97333333 0.83226179
-13.13171512 -15.08502761 939.63666667 0.83226179
-12.74847979 -15.41026486 940.30000000 0.83226179
-12.35719226 -15.72576864 940.96333333 0.83226179
-11.95809966 -16.03133970 941.62666667 0.83226179
-11.55145407 -16.32678501 942.29000000 0.83226179
-11.13751233 -16.61191798 942.95333333 0.83226179
-10.71653590 -16.88655851 943.61666667 0.83226179
-10.28879068 -17.15053312 944.28000000 0.83226179
-9.85454683 -17.40367509 944.94333333 0.83226179
-9.41407864 -17.64582453 945.60666667 0.83226179
-8.96766432 -17.87682848 946.27000000 0.83226179
-8.51558583 -18.09654105 946.93333333 0.83226179
-8.05812871 -18.30482345 947.59666667 0.83226179
-7.59558191 -18.50154414 948.26000000 0.83226179
-7.12823757 -18.68657885 948.92333333 0.83226179
-6.65639089 -18.85981072 949.58666667 0.83226179
-6.18033989 -19.02113033 950.25000000 0.83226179
-5.70038525 -19.17043578 950.91333333 0.83226179
-5.21683013 -19.30763278 951.57666667 0.83226179
-4.72997994 -19.43263466 952.24000000 0.83226179
-4.24014220 -19.54536247 952.90333333 0.83226179
-3.74762629 -19.64574501 953.56666667 0.83226179
-3.25274330 -19.73371888 954.23000000 0.83226179
-2.75580581 -19.80922851 954.89333333 0.83226179
-2.25712770 -19.87222621 955.55666667 0.83226179
-1.75702393 -19.92267218 956.22000000 0.83226179
-1.25581039 -19.96053457 956.88333333 0.83226179
-0.75380365 -19.98578945 957.54666667 0.83226179
-0.25132080 -19.99842088 958.21000000 0.83226179
0.25132080 -19.99842088 958.87333333 0.83226179
0.75380365 -19.98578945 959.53666667 0.83226179
1.25581039 -19.96053457 960.20000000 0.83226179
1.75702393 -19.92267218 960.86333333 0.83226179
2.25712770 -19.87222621 961.52666667 0.83226179
2.75580581 -19.80922851 962.19000000 0.83226179
3.25274330 -19.73371888 962.85333333 0.83226179
3.74762629 -19.64574501 963.51666667 0.83226179
4.24014220 -19.54536247 964.18000000 0.83226179
4.72997994 -19.43263466 964.84333333 0.83226179
5.21683013 -19.30763278 965.50666667 0.83226179
5.70038525 -19.17043578 966.17000000 0.83226179
6.18033989 -19.02113033 966.83333333 0.83226179
6.65639089 -18.85981072 967.49666667 0.83226179
7.12823757 -18.68657885 968.16000000 0.83226179
7.59558191 -18.50154414 968.82333333 0.83226179
8.05812871 -18.30482345 969.48666667 0.83226179
8.51558583 -18.09654105 970.15000000 0.83226179
8.96766432 -17.87682848 970.81333333 0.83226179
9.41407864 -17.64582453 971.47666667 0.83226179
9.85454683 -17.40367509 972.14000000 0.83226179
10.28879068 -17.15053312 972.80333333 0.83226179
10.71653590 -16.88655851 973.46666667 0.83226179
11.13751233 -16.61191798 974.13000000 0.83226179
11.55145407 -16.32678501 974.79333333 0.83226179
11.95809966 -16.03133970 975.45666667 0.83226179
12.35719226 -15.72576864 976.12000000 0.83226179
12.74847979 -15.41026486 976.78333333 0.83226179
13.13171512 -15.08502761 977.44666667 0.83226179
13.50665616 -14.75026235 978.11000000 0.83226179
13.87306612 -14.40618050 978.77333333 0.83226179
14.23071354 -14.05299940 979.43666667 0.83226179
14.57937255 -13.69094212 980.10000000 0.83226179
14.91882291 -13.32023735 980.76333333 0.83226179
15.24885022 -12.94111923 981.42666667 0.83226179
15.56924603 -12.55382723 982.09000000 0.83226179
15.87980797 -12.15860595 982.75333333 0.83226179
16.18033989 -11.75570505 983.41666667 0.83226179
16.47065195 -11.34537898 984.08000000 0.83226179
16.75056080 -10.92788693 984.74333333 0.83226179
17.01988964 -10.50349260 985.40666667 0.83226179
17.27846834 -10.07246403 986.07000000 0.83226179
17.52613360 -9.63507348 986.73333333 0.83226179
17.76272898 -9.19159721 987.39666667 0.83226179
17.98810503 -8.74231533 988.06000000 0.83226179
18.20211941 -8.28751162 988.72333333 0.83226179
18.40463695 -7.82747334 989.38666667 0.83226179
18.59552972 -7.36249105 990.05000000 0.83226179
18.77467715 -6.89285846 990.71333333 0.83226179
18.94196610 -6.41887220 991.37666667 0.83226179
19.09729089 -5.94083163 992.04000000 0.83226179
19.24055343 -5.45903871 992.70333333 0.83226179
19.37166322 -4.97379774 993.36666667 0.83226179
19.49053746 -4.48541522 994.03000000 0.83226179
19.59710105 -3.99419961 994.69333333 0.83226179
19.69128669 -3.50046118 995.35666667 0.83226179
19.77303489 -3.00451178 996.02000000 0.83226179
19.84229403 -2.50666467 996.68333333 0.83226179
19.89902034 -2.00723430 997.34666667 0.83226179
19.94317801 -1.50653611 998.01000000 0.83226179
19.97473913 -1.00488636 998.67333333 0.83226179
19.99368379 -0.50260191 999.33666667 0.83226179
20.00000000 -0.00000000 1000.00000000 0.83226179
