10.00000000 0.00000000 5.00000000
9.97158900 0.75326806 5.08000000
9.88651745 1.50225589 5.16000000
9.74526873 2.24270761 5.24000000
9.54864545 2.97041582 5.32000000
9.29776486 3.68124553 5.40000000
8.99405252 4.37115767 5.48000000
8.63923417 5.03623202 5.56000000
8.23532598 5.67268949 5.64000000
7.78462302 6.27691361 5.72000000
7.28968627 6.84547106 5.80000000
6.75332808 7.37513117 5.88000000
6.17859613 7.86288432 5.96000000
5.56875616 8.30595899 6.04000000
4.92727342 8.70183755 6.12000000
4.25779292 9.04827052 6.20000000
3.56411879 9.34328942 6.28000000
2.85019262 9.58521789 6.36000000
2.12007110 9.77268124 6.44000000
1.37790291 9.90461426 6.52000000
0.62790520 9.98026728 6.60000000
-0.12566040 9.99921044 6.68000000
-0.87851197 9.96133609 6.76000000
-1.62637165 9.86685944 6.84000000
-2.36498997 9.71631733 6.92000000
-3.09016994 9.51056516 7.00000000
-3.79779096 9.25077207 7.08000000
-4.48383216 8.93841424 7.16000000
-5.14439534 8.57526656 7.24000000
-5.77572703 8.16339251 7.32000000
-6.37423990 7.70513243 7.40000000
-6.93653306 7.20309025 7.48000000
-7.45941145 6.66011867 7.56000000
-7.93990399 6.07930298 7.64000000
-8.37528040 5.46394347 7.72000000
-8.76306680 4.81753674 7.80000000
-9.10105971 4.14375581 7.88000000
-9.38733858 3.44642923 7.96000000
-9.62027672 2.72951936 8.04000000
-9.79855052 1.99709981 8.12000000
-9.92114701 1.25333234 8.20000000
-9.98736957 0.50244318 8.28000000
-9.99684189 -0.25130095 8.36000000
-9.94951017 -1.00361715 8.44000000
-9.84564335 -1.75023059 8.52000000
-9.68583161 -2.48689887 8.60000000
-9.47098305 -3.20943610 8.68000000
-9.20231847 -3.91373667 8.76000000
-8.88136449 -4.59579861 8.84000000
-8.50994482 -5.25174630 8.92000000
-8.09016994 -5.87785252 9.00000000
-7.62442511 -6.47055962 9.08000000
-7.11535677 -7.02649970 9.16000000
-6.56585756 -7.54251381 9.24000000
-5.97904983 -8.01566985 9.32000000
-5.35826795 -8.44327926 9.40000000
-4.70703932 -8.82291226 9.48000000
-4.02906436 -9.15241173 9.56000000
-3.32819545 -9.42990536 9.64000000
-2.60841506 -9.65381639 9.72000000
-1.87381315 -9.82287251 9.80000000
-1.12856385 -9.93611311 9.88000000
-0.37690183 -9.99289473 9.96000000
0.37690183 -9.99289473 10.04000000
1.12856385 -9.93611311 10.12000000
1.87381315 -9.82287251 10.20000000
2.60841506 -9.65381639 10.28000000
3.32819545 -9.42990536 10.36000000
4.02906436 -9.15241173 10.44000000
4.70703932 -8.82291226 10.52000000
5.35826795 -8.44327926 10.60000000
5.97904983 -8.01566985 10.68000000
6.56585756 -7.54251381 10.76000000
7.11535677 -7.02649970 10.84000000
7.62442511 -6.47055962 10.92000000
8.09016994 -5.87785252 11.00000000
8.50994482 -5.25174630 11.08000000
8.88136449 -4.59579861 11.16000000
9.20231847 -3.91373667 11.24000000
9.47098305 -3.20943610 11.32000000
9.68583161 -2.48689887 11.40000000
9.84564335 -1.75023059 11.48000000
9.94951017 -1.00361715 11.56000000
9.99684189 -0.25130095 11.64000000
9.98736957 0.50244318 11.72000000
9.92114701 1.25333234 11.80000000
9.79855052 1.99709981 11.88000000
9.62027672 2.72951936 11.96000000
9.38733858 3.44642923 12.04000000
9.10105971 4.14375581 12.12000000
8.76306680 4.81753674 12.20000000
8.37528040 5.46394347 12.28000000
7.93990399 6.07930298 12.36000000
7.45941145 6.66011867 12.44000000
6.93653306 7.20309025 12.52000000
6.37423990 7.70513243 12.60000000
5.77572703 8.16339251 12.68000000
5.14439534 8.57526656 12.76000000
4.48383216 8.93841424 12.84000000
3.79779096 9.25077207 12.92000000
3.09016994 9.51056516 13.00000000
2.36498997 9.71631733 13.08000000
1.62637165 9.86685944 13.16000000
0.87851197 9.96133609 13.24000000
0.12566040 9.99921044 13.32000000
-0.62790520 9.98026728 13.40000000
-1.37790291 9.90461426 13.48000000
-2.12007110 9.77268124 13.56000000
-2.85019262 9.58521789 13.64000000
-3.56411879 9.34328942 13.72000000
-4.25779292 9.04827052 13.80000000
-4.92727342 8.70183755 13.88000000
-5.56875616 8.30595899 13.96000000
-6.17859613 7.86288432 14.04000000
-6.75332808 7.37513117 14.12000000
-7.28968627 6.84547106 14.20000000
-7.78462302 6.27691361 14.28000000
-8.23532598 5.67268949 14.36000000
-8.63923417 5.03623202 14.44000000
-8.99405252 4.37115767 14.52000000
-9.29776486 3.68124553 14.60000000
-9.54864545 2.97041582 14.68000000
-9.74526873 2.24270761 14.76000000
-9.88651745 1.50225589 14.84000000
-9.97158900 0.75326806 14.92000000
-10.00000000 0.00000000 15.00000000
-9.97158900 -0.75326806 15.08000000
-9.88651745 -1.50225589 15.16000000
-9.74526873 -2.24270761 15.24000000
-9.54864545 -2.97041582 15.32000000
-9.29776486 -3.68124553 15.40000000
-8.99405252 -4.37115767 15.48000000
-8.63923417 -5.03623202 15.56000000
-8.23532598 -5.67268949 15.64000000
-7.78462302 -6.27691361 15.72000000
-7.28968627 -6.84547106 15.80000000
-6.75332808 -7.37513117 15.88000000
-6.17859613 -7.86288432 15.96000000
-5.56875616 -8.30595899 16.04000000
-4.92727342 -8.70183755 16.12000000
-4.25779292 -9.04827052 16.20000000
-3.56411879 -9.34328942 16.28000000
-2.85019262 -9.58521789 16.36000000
-2.12007110 -9.77268124 16.44000000
-1.37790291 -9.90461426 16.52000000
-0.62790520 -9.98026728 16.60000000
0.12566040 -9.99921044 16.68000000
0.87851197 -9.96133609 16.76000000
1.62637165 -9.86685944 16.84000000
2.36498997 -9.71631733 16.92000000
3.09016994 -9.51056516 17.00000000
3.79779096 -9.25077207 17.08000000
4.48383216 -8.93841424 17.16000000
5.14439534 -8.57526656 17.24000000
5.77572703 -8.16339251 17.32000000
6.37423990 -7.70513243 17.40000000
6.93653306 -7.20309025 17.48000000
7.45941145 -6.66011867 17.56000000
7.93990399 -6.07930298 17.64000000
8.37528040 -5.46394347 17.72000000
8.76306680 -4.81753674 17.80000000
9.10105971 -4.14375581 17.88000000
9.38733858 -3.44642923 17.96000000
9.62027672 -2.72951936 18.04000000
9.79855052 -1.99709981 18.12000000
9.92114701 -1.25333234 18.20000000
9.98736957 -0.50244318 18.28000000
9.99684189 0.25130095 18.36000000
9.94951017 1.00361715 18.44000000
9.84564335 1.75023059 18.52000000
9.68583161 2.48689887 18.60000000
9.47098305 3.20943610 18.68000000
9.20231847 3.91373667 18.76000000
8.88136449 4.59579861 18.84000000
8.50994482 5.25174630 18.92000000
8.09016994 5.87785252 19.00000000
7.62442511 6.47055962 19.08000000
7.11535677 7.02649970 19.16000000
6.56585756 7.54251381 19.24000000
5.97904983 8.01566985 19.32000000
5.35826795 8.44327926 19.40000000
4.70703932 8.82291226 19.48000000
4.02906436 9.15241173 19.56000000
3.32819545 9.42990536 19.64000000
2.60841506 9.65381639 19.72000000
1.87381315 9.82287251 19.80000000
1.12856385 9.93611311 19.88000000
0.37690183 9.99289473 19.96000000
-0.37690183 9.99289473 20.04000000
-1.12856385 9.93611311 20.12000000
-1.87381315 9.82287251 20.20000000
-2.60841506 9.65381639 20.28000000
-3.32819545 9.42990536 20.36000000
-4.02906436 9.15241173 20.44000000
-4.70703932 8.82291226 20.52000000
-5.35826795 8.44327926 20.60000000
-5.97904983 8.01566985 20.68000000
-6.56585756 7.54251381 20.76000000
-7.11535677 7.02649970 20.84000000
-7.62442511 6.47055962 20.92000000
-8.09016994 5.87785252 21.00000000
-8.50994482 5.25174630 21.08000000
-8.88136449 4.59579861 21.16000000
-9.20231847 3.91373667 21.24000000
-9.47098305 3.20943610 21.32000000
-9.68583161 2.48689887 21.40000000
-9.84564335 1.75023059 21.48000000
-9.94951017 1.00361715 21.56000000
-9.99684189 0.25130095 21.64000000
-9.98736957 -0.50244318 21.72000000
-9.92114701 -1.25333234 21.80000000
-9.79855052 -1.99709981 21.88000000
-9.62027672 -2.72951936 21.96000000
-9.38733858 -3.44642923 22.04000000
-9.10105971 -4.14375581 22.12000000
-8.76306680 -4.81753674 22.20000000
-8.37528040 -5.46394347 22.28000000
-7.93990399 -6.07930298 22.36000000
-7.45941145 -6.66011867 22.44000000
-6.93653306 -7.20309025 22.52000000
-6.37423990 -7.70513243 22.60000000
-5.77572703 -8.16339251 22.68000000
-5.14439534 -8.57526656 22.76000000
-4.48383216 -8.93841424 22.84000000
-3.79779096 -9.25077207 22.92000000
-3.09016994 -9.51056516 23.00000000
-2.36498997 -9.71631733 23.08000000
-1.62637165 -9.86685944 23.16000000
-0.87851197 -9.96133609 23.24000000
-0.12566040 -9.99921044 23.32000000
0.62790520 -9.98026728 23.40000000
1.37790291 -9.90461426 23.48000000
2.12007110 -9.77268124 23.56000000
2.85019262 -9.58521789 23.64000000
3.56411879 -9.34328942 23.72000000
4.25779292 -9.04827052 23.80000000
4.92727342 -8.70183755 23.88000000
5.56875616 -8.30595899 23.96000000
6.17859613 -7.86288432 24.04000000
6.75332808 -7.37513117 24.12000000
7.28968627 -6.84547106 24.20000000
7.78462302 -6.27691361 24.28000000
8.23532598 -5.67268949 24.36000000
8.63923417 -5.03623202 24.44000000
8.99405252 -4.37115767 24.52000000
9.29776486 -3.68124553 24.60000000
9.54864545 -2.97041582 24.68000000
9.74526873 -2.24270761 24.76000000
9.88651745 -1.50225589 24.84000000
9.97158900 -0.75326806 24.92000000
10.00000000 -0.00000000 25.00000000
