20.00000000 0.00000000 5.00000000
20.00000000 0.00000000 5.03170733
20.00000000 0.00000001 5.12682932
20.00000000 0.00000003 5.28536596
19.99999999 0.00000013 5.50731727
19.99999998 0.00000038 5.79268323
19.99999995 0.00000094 6.14146385
19.99999989 0.00000203 6.55365913
19.99999980 0.00000400 7.02926907
19.99999966 0.00000730 7.56829366
19.99999946 0.00001258 8.17073292
19.99999920 0.00002064 8.83658683
19.99999885 0.00003252 9.56585540
19.99999843 0.00004955 10.35853863
19.99999796 0.00007332 11.21463652
19.99999745 0.00010578 12.13414906
19.99999695 0.00014927 13.11707627
19.99999656 0.00020658 14.16341813
19.99999637 0.00028096 15.27317465
19.99999655 0.00037623 16.44634583
19.99999731 0.00049681 17.68293167
19.99999892 0.00064778 18.98293216
20.00000175 0.00083499 20.34634732
20.00000625 0.00106507 21.77317713
20.00001297 0.00134556 23.26342160
20.00002260 0.00168497 24.81708072
20.00003597 0.00209289 26.43415450
20.00005408 0.00258008 28.11464294
20.00007812 0.00315855 29.85854604
20.00010950 0.00384172 31.66586379
20.00014824 0.00462349 33.26188273
20.00019419 0.00549550 34.37188941
20.00025105 0.00649650 35.27059729
20.00032318 0.00767054 36.23271981
20.00040999 0.00900453 36.98354352
20.00051412 0.01051943 37.52306842
20.00064194 0.01227404 38.12600796
20.00079675 0.01429372 38.79236213
20.00098219 0.01660556 39.52213094
20.00120223 0.01923857 40.31531437
20.00145442 0.02216268 40.89719897
20.00174323 0.02540904 41.26778473
20.00208085 0.02907551 41.70178509
20.00247283 0.03319922 42.19920005
20.00292518 0.03781953 42.76002959
20.00344440 0.04297815 43.38427370
20.00403755 0.04871927 44.07193235
20.00471228 0.05508969 44.82300555
20.00547687 0.06213893 45.63749326
20.00634027 0.06991936 46.51539546
20.00731219 0.07848632 47.45671212
20.00838247 0.08775273 48.18672980
20.00956172 0.09777668 48.70544847
20.01088323 0.10877179 49.28758149
20.01235986 0.12080593 49.93312884
20.01400536 0.13395031 50.64209046
20.01583440 0.14827964 51.41446630
20.01786265 0.16387219 52.25025629
20.02006952 0.18057896 52.87474701
20.02247177 0.19848086 53.28793840
20.02512651 0.21790317 53.76454371
20.02805363 0.23893920 54.30456286
20.03127422 0.26168621 54.90799574
20.03481056 0.28624556 55.57484225
20.03868624 0.31272282 56.30510226
20.04292618 0.34122788 57.09877562
20.04755673 0.37187510 57.95586218
20.05260569 0.40478341 58.87636179
20.05802540 0.43966823 59.58556110
20.06384502 0.47665070 60.08345994
20.07017575 0.51627937 60.64477121
20.07705163 0.55869214 61.26949467
20.08450840 0.60403191 61.95763006
20.09258354 0.65244663 62.70917710
20.10131633 0.70408946 63.52413547
20.11062803 0.75854016 64.12779201
20.12055932 0.81595338 64.52014638
20.13127750 0.87708625 64.97591098
20.14282951 0.94211341 65.49508538
20.15526434 1.01121509 66.07766911
20.16863307 1.08457721 66.72366168
20.18298900 1.16239150 67.43306253
20.19838768 1.24485566 68.20587109
20.21488701 1.33217344 69.04208672
20.23254733 1.42455479 69.94170874
20.25122200 1.52131546 70.63002452
20.27097272 1.62266555 71.10703332
20.29208049 1.72974698 71.64744615
20.31461577 1.84279511 72.25126211
20.33865171 1.96205185 72.91848024
20.36426417 2.08776582 73.64909949
20.39153190 2.22019244 74.44311876
20.42053655 2.35959406 75.30053687
20.45105150 2.50500609 75.94664203
20.48315954 2.65668950 76.38143298
20.51726754 2.81617736 76.87961870
20.55346930 2.98376039 77.44119768
20.59186179 3.15973664 78.06616826
20.63254527 3.34441156 78.75452873
20.67562335 3.53809818 79.50627722
20.72120310 3.74111717 80.32141179
20.76939512 3.95379702 81.19993034
20.81984849 4.17477325 81.86712287
20.87267447 4.40437089 82.32298715
20.92846637 4.64466237 82.84222838
20.98734941 4.89600803 83.42484392
21.04945264 5.15877633 84.07083098
21.11490902 5.43334404 84.78018663
21.18385550 5.72009635 85.55290773
21.25643311 6.01942696 86.38899100
21.33278710 6.33173826 87.28843297
21.41239801 6.65516526 87.97652673
21.49541103 6.99010436 88.45326864
21.58266177 7.33928403 88.99335761
21.67431266 7.70314195 89.59678932
21.77053059 8.08212485 90.26355925
21.87148701 8.47668859 90.99366262
21.97735801 8.88729834 91.78709441
22.08832443 9.31442869 92.64384932
22.20367299 9.75567571 93.28922499
22.32358352 10.21150539 93.72321590
22.44916103 10.68533667 94.22051240
22.58060578 11.17768244 94.78110804
22.71812309 11.68906539 95.40499607
22.86192335 12.22001811 96.09216938
23.01222220 12.77108324 96.84262055
23.16924056 13.34281358 97.65634177
23.33320477 13.93577220 98.53332487
23.50312603 14.54683256 99.19887546
23.67922836 15.17654585 99.65298509
23.86298849 15.82923923 100.17032970
24.05465481 16.50551764 100.75089949
24.25448136 17.20599666 101.39468418
24.46272798 17.93130269 102.10167307
24.67966034 18.68207304 102.87185493
24.90555009 19.45895606 103.70521807
25.14067494 20.26261130 104.60175025
25.38370130 21.08905506 105.28676945
25.63490291 21.93893126 105.76026308
25.89620956 22.81762619 106.29688576
26.16792357 23.72584481 106.89662299
26.45035361 24.66430362 107.55945966
26.74381474 25.63373084 108.28538003
27.04862853 26.63486652 109.07436768
27.36512317 27.66846264 109.92640552
27.69159322 28.72965092 110.56682761
28.02836109 29.81916400 110.99561646
28.37783448 30.94346610 111.48739988
28.74036840 32.10335773 112.04215783
29.11632470 33.29965177 112.65986943
29.50607221 34.53317358 113.34051300
29.90998682 35.80476110 114.08406599
30.32845156 37.11526505 114.89050498
30.76185672 38.46554897 115.75980563
31.20799719 39.84960047 116.41732792
31.66725522 41.26825924 116.86304707
32.14266855 42.72936671 117.37154908
32.63465685 44.23383863 117.94280568
33.14364731 45.78260400 118.57678752
33.67007473 47.37660522 119.27346418
34.21438162 49.01679820 120.03280410
34.77701829 50.70415250 120.85477455
35.35844298 52.43965146 121.73934160
35.95585650 54.21596911 122.41190220
36.56970647 56.03405995 122.87242194
37.20376706 57.90332898 123.39542899
37.85852851 59.82481539 123.98088428
38.53448922 61.79957248 124.62874738
39.23215586 63.82866785 125.33897642
39.95204348 65.91318339 126.11152809
40.69467562 68.05421534 126.94635758
41.46058440 70.25287419 127.84341853
42.24627337 72.50033764 128.52815943
43.05226118 74.79768061 129.00053352
43.88317400 77.15606683 129.53499051
44.73957862 79.57666330 130.13147755
45.62205070 82.06065097 130.78994010
46.53117480 84.60922464 131.51032184
47.46754449 87.22359287 132.29256469
48.43176245 89.90497782 133.13660871
49.41961828 92.64306376 133.76796399
50.43169814 95.43902988 134.18657041
51.47348923 98.30576039 134.66678687
52.54563087 101.24453151 135.20854573
53.64877163 104.25663276 135.81177732
54.78356945 107.34336690 136.47640991
55.95069170 110.50604979 137.20236968
57.15081527 113.74601032 137.98958062
58.38462659 117.06459024 138.83796458
59.65282175 120.46314412 139.74744115
60.95016374 123.92927859 140.44362344
62.27732786 127.46429622 140.92643124
63.64102205 131.08342768 141.47007666
65.04198102 134.78807826 142.07446999
66.48094918 138.57966574 142.73951904
67.95868078 142.45962031 143.46512915
69.47593987 146.42938443 144.25120314
71.03350039 150.49041278 145.09764125
72.62519041 154.62848987 145.73016388
74.25175915 158.84501165 146.14867189
75.92101043 163.15723424 146.62722892
77.63375767 167.56666067 147.16572451
79.39082416 172.07480585 147.76404540
81.19304315 176.68319652 148.42207547
83.04125787 181.39337113 149.13969577
84.93632151 186.20687972 149.91678440
86.87909732 191.12528385 150.75321649
88.87045856 196.15015650 151.64886417
90.90291688 201.26481562 152.32961891
92.97731547 206.47076736 152.79535418
95.10297932 211.78797448 153.31990292
97.28082158 217.21805519 153.90312475
99.51176540 222.76263888 154.54487605
101.79674387 228.42336598 155.24500992
104.13670009 234.20188788 156.00337612
106.53258711 240.09986681 156.81982103
108.98536796 246.11897578 157.69418764
111.48622617 252.24014344 158.35256214
114.03608947 258.46496915 158.79478970
116.64579508 264.81600804 159.29444688
119.31634548 271.29497582 159.85136247
122.04875295 277.90359875 160.46536163
124.84403955 284.64361349 161.13626582
127.70323713 291.51676705 161.86389274
130.62738728 298.52481667 162.64805631
133.61754128 305.66952973 163.48856660
136.67476011 312.95268365 164.38522981
139.78859201 320.35237547 165.06440084
142.96005654 327.87030179 165.52588929
146.20182621 335.53206122 166.04292554
149.51500006 343.33947112 166.61529978
152.90068654 351.29435869 167.24279811
156.36000348 359.39856087 167.92520246
159.89407802 367.65392425 168.66229054
163.50404655 376.06230498 169.45383585
167.19105468 384.62556867 170.29960758
170.94303792 393.31911434 170.92625567
174.76109472 402.14472078 171.33355406
178.65968224 411.13086352 171.79436024
182.63998202 420.27944584 172.30842578
186.70318448 429.59238027 172.87549773
190.85048880 439.07158854 173.49531856
195.08310284 448.71900145 174.16762614
199.40224309 458.53655880 174.89215371
203.80913454 468.52620932 175.66862982
208.30501064 478.68991054 176.49677828
212.89111317 489.02962875 177.37631815
217.56869215 499.54733888 178.30696370
222.32333473 510.21463664 179.01584687
227.15623608 521.03340246 179.50268876
232.08441229 532.03613664 180.03974985
237.10914529 543.22484857 180.62672475
242.23172480 554.60155608 181.26330304
247.45344818 566.16828539 181.94916925
252.77562033 577.92707102 182.68400282
258.19955360 589.87995569 183.46747806
263.72656761 602.02899027 184.29926413
269.34035065 614.34277434 184.90692788
275.04216175 626.82325903 185.29014717
280.85105492 639.50609472 185.72065338
286.76837775 652.39336465 186.19809461
292.79548453 665.48716001 186.72211360
298.93373616 678.78957983 187.29234770
305.18449996 692.30273097 187.90842883
311.54914960 706.02872793 188.56998348
318.02906488 719.96969287 189.27663264
324.62563162 734.12775545 190.02799182
331.34024149 748.50505277 190.82367098
338.17429188 763.10372929 191.66327453
345.12918569 777.92593676 192.54640130
352.20633124 792.97383408 193.47264452
359.38625908 808.21113463 194.17038564
366.67030818 823.63988977 194.63923004
374.08086444 839.30085449 195.14993662
381.61935609 855.19621637 195.70207586
389.28721604 871.32817000 196.29521246
397.08588167 887.69891691 196.92890536
405.01679467 904.31066548 197.60270772
413.08140083 921.16563083 198.31616686
421.28114991 938.26603475 199.06882430
429.61749537 955.61410565 199.86021571
438.09189426 973.21207839 200.68987091
446.70580695 991.06219426 201.55731386
455.43689895 1009.12377985 202.19176852
464.28655449 1027.39896282 202.59277443
473.28012307 1045.93305111 203.03010459
482.41907663 1064.72831156 203.50325928
491.70488967 1083.78701725 204.01173282
501.13903896 1103.11144740 204.55501356
510.72300338 1122.70388726 205.13258388
520.45826368 1142.56662805 205.74392021
530.34630225 1162.70196688 206.38849299
540.38860293 1183.11220659 207.06576671
550.58665076 1203.79965573 207.77519987
560.94193177 1224.76662842 208.51624503
571.45593270 1246.01544430 209.28834880
582.13014086 1267.54842838 210.09095182
592.96604380 1289.36791098 210.92348881
603.96512911 1311.47622776 211.78538856
615.12888416 1333.87571983 212.67607385
626.43076079 1356.51922446 213.32620449
637.87216171 1379.40896219 213.73522430
649.48269038 1402.59693256 214.17126198
661.26383088 1426.08549962 214.63371618
673.21706599 1449.87703340 215.12197946
685.34387695 1473.97391002 215.63543824
697.64574316 1498.37851190 216.17347276
710.12414191 1523.09322782 216.73545711
722.78054816 1548.12045314 217.32075912
735.61643421 1573.46258990 217.92874040
748.63326949 1599.12204697 218.55875627
761.83252023 1625.10124020 219.21015576
775.21564926 1651.40259252 219.88228155
788.78411570 1678.02853416 220.57446997
802.53937470 1704.98150268 221.28605097
816.48287716 1732.26394320 222.01634808
830.61606950 1759.87830846 222.76467837
844.94039336 1787.82705903 223.53035248
859.45728533 1816.11266335 224.31267452
874.16817670 1844.73759794 225.11094208
889.07449318 1873.70434749 225.92444623
904.17765463 1903.01540499 226.75247143
919.47907478 1932.67327188 227.59429555
934.98016100 1962.68045812 228.44918983
950.68231398 1993.03948239 229.31641887
966.55279065 2023.69311712 229.92928665
982.59289971 2054.64375649 230.28708638
998.83823468 2085.95384304 230.65497450
1015.29016696 2117.62593105 231.03218881
1031.95006010 2149.66258383 231.41796032
1048.81926956 2182.06637385 231.81151330
1065.89914243 2214.83988286 232.21206519
1083.19101716 2247.98570201 232.61882663
1100.69622328 2281.50643195 233.03100139
1118.41608114 2315.40468293 233.44778638
1136.35190160 2349.68307492 233.86837160
1154.50498579 2384.34423769 234.29194015
1172.87662485 2419.39081096 234.71766817
1191.46809958 2454.82544444 235.14472485
1210.28068025 2490.65079799 235.57227239
1229.31562625 2526.86954167 235.99946599
1248.57418585 2563.48435585 236.42545379
1268.05759593 2600.49793129 236.84937692
1287.76708166 2637.91296928 237.27036942
1307.70385624 2675.73218165 237.68755824
1327.86912063 2713.95829092 238.10006322
1348.26406324 2752.59403036 238.50699707
1368.88985966 2791.64214405 238.90746535
1389.74767238 2831.10538700 239.30056644
1410.83865050 2870.98652520 239.68539156
1432.16392943 2911.28833570 240.06102469
1453.72463062 2952.01360669 240.42654260
1475.52186126 2993.16513755 240.78101484
1497.55671400 3034.74573891 241.12350367
1519.83026664 3076.75823278 241.45306408
1542.34358184 3119.20545250 241.76874379
1565.09770687 3162.09024292 242.06958319
1588.09367325 3205.41546035 242.35461537
1611.33249650 3249.18397268 242.62286606
1634.81517583 3293.39865939 242.87335366
1658.54269381 3338.06241165 243.10508920
1682.51601615 3383.17813230 243.31707632
1706.73609132 3428.74873592 243.50831130
1731.20385028 3474.77714888 243.67778298
1755.92020619 3521.26630936 243.82447282
1780.88605408 3568.21916737 243.94735483
1806.10227056 3615.63868481 244.04539561
1831.56971351 3663.52783548 244.11755430
1857.28922178 3711.88960508 244.16278260
1883.26161487 3760.72699125 244.18002473
1909.48769262 3810.04300360 244.16821745
1935.96823490 3859.84066369 244.12629006
1962.70400131 3910.12300505 244.05316436
1989.69573085 3960.89307318 243.94775467
2016.94414160 4012.15392557 243.80896781
2044.44993043 4063.90863166 243.63570311
2072.21377266 4116.16027288 243.42685241
2100.23632172 4168.91194260 243.18130003
2128.51820890 4222.16674611 242.89792280
2157.06004294 4275.92780064 242.57559005
2185.86240979 4330.19823531 242.21316359
2214.92587220 4384.98119111 241.80949774
2244.25096948 4440.27982085 241.36343931
2273.83821711 4496.09728916 240.87382763
2303.68810644 4552.43677240 240.33949452
2333.80110436 4609.30145869 239.75926431
2364.17765295 4666.69454776 239.13195388
2394.81816916 4724.61925100 238.45637258
2425.72304451 4783.07879131 237.73132234
2456.89264467 4842.07640312 236.95559760
2488.32730924 4901.61533224 236.12798539
2520.02735129 4961.69883585 235.24726525
2551.99305712 5022.33018240 234.31220935
2584.22468588 5083.51265154 233.32158242
2616.72246921 5145.24953397 232.27414179
2649.48661096 5207.54413146 231.16863744
2682.51728677 5270.39975665 230.00381196
2715.81464378 5333.81973298 228.77840063
2749.37880029 5397.80739460 227.49113138
2783.20984536 5462.36608625 226.14072485
2817.30783852 5527.49916310 224.72589441
2851.67280940 5593.20999068 223.24534617
2886.30475739 5659.50194472 221.69777904
2921.20365125 5726.37841100 220.08188470
2956.36942885 5793.84278523 218.39634768
2991.80199670 5861.89847291 216.63984538
3027.50122972 5930.54888914 214.81104808
3063.46697080 5999.79745848 212.90861900
3099.69903048 6069.64761478 210.93121433
3136.19718660 6140.10280100 208.87748327
3172.96118394 6211.16646904 206.74606804
3209.99073388 6282.84207956 204.53560399
3247.28551402 6355.13310174 202.24471955
3284.84516785 6428.04301314 199.87203637
3322.66930439 6501.57529945 197.41616931
3360.75749782 6575.73345429 194.87572649
3399.10928717 6650.52097899 192.24930938
3437.72417591 6725.94138234 189.53551282
3476.60163165 6801.99818039 186.73292509
3515.74108574 6878.69489614 183.84012798
3555.14193300 6956.03505931 180.85569684
3594.80353130 7034.02220606 177.77820067
3634.72520137 7112.65987856 174.60620222
3674.90622646 7191.95162461 171.33825810
3715.34585213 7271.90099715 167.97291895
3756.04328602 7352.51155379 164.50872954
3796.99769759 7433.78685635 160.94422894
3838.20821793 7515.73047032 157.27795068
3879.67393947 7598.34596439 153.50842290
3921.39391581 7681.63690993 149.63416851
3963.36716147 7765.60688048 145.65370534
4005.59265166 7850.25945122 141.56554637
4048.06932209 7935.59819843 137.36819985
4090.79606871 8021.62669899 133.06016949
4133.77174755 8108.34852976 128.63995468
4176.99517447 8195.76726711 124.10605067
4220.46512498 8283.88648632 119.45694873
4264.18033404 8372.70976098 114.69113641
4308.13949582 8462.24066250 109.80709771
4352.34126356 8552.48275945 104.80331331
4396.78424937 8643.43961700 99.67826075
4441.46702402 8735.11479634 94.43041473
4486.38811678 8827.51185405 89.05824727
4531.54601525 8920.63434152 83.56022795
4576.93916519 9014.48580430 77.93482419
4622.56597036 9109.06978150 72.18050146
4668.42479233 9204.38980516 66.29572354
4714.51395040 9300.44939958 60.27895275
4760.83172139 9397.25208071 54.12865028
4807.37633953 9494.80135549 47.84327636
4854.14599633 9593.10072119 41.42129063
4901.13884047 9692.15366472 34.86115231
4948.35297766 9791.96366199 28.16132060
4995.78647055 9892.53417721 21.32025487
5043.43733863 9993.86866221 14.33641499
5091.30355813 10095.97055575 7.20826166
5139.38306195 10198.84328280 -0.06574335
5187.67373959 10302.49025386 -7.48713683
5236.17343708 10406.91486421 -15.05745384
5284.87995692 10512.12049323 -22.77822741
5333.79105806 10618.11050365 -30.65098817
5382.90445583 10724.88824080 -38.67726405
5432.21782197 10832.45703190 -46.85857990
5481.72878456 10940.82018530 -55.19645723
5531.43492808 11049.98098972 -63.69241376
5581.33379337 11159.94271352 -72.34796313
5631.42287769 11270.70860388 -81.16461453
5681.69963473 11382.28188608 -90.14387231
5732.16147467 11494.66576270 -99.28723564
5782.80576426 11607.86341286 -108.59619809
5833.62982686 11721.87799137 -118.07224732
5884.63094254 11836.71262803 -127.71686461
5935.80634822 11952.37042676 -137.53152453
5987.15323771 12068.85446480 -147.51769450
6038.66876193 12186.16779196 -157.67683442
6090.35002898 12304.31342973 -168.01039622
6142.19410435 12423.29437052 -178.51982351
6194.19801109 12543.11357681 -189.20655109
6246.35872999 12663.77398034 -200.07200457
6298.67319978 12785.27848126 -211.11759996
6351.13831741 12907.62994732 -222.34474316
6403.75093822 13030.83121299 -233.75482960
6456.50787625 13154.88507870 -245.34924376
6509.40590454 13279.79430991 -257.12935875
6562.44175536 13405.56163632 -269.09653580
6615.61212057 13532.18975100 -281.25212389
6668.91365197 13659.68130953 -293.59745920
6722.34296160 13788.03892919 -306.13386472
6775.89662218 13917.26518805 -318.86264976
6829.57116744 14047.36262417 -331.78510942
6883.36309261 14178.33373470 -344.90252423
6937.26885476 14310.18097504 -358.21615956
6991.28487334 14442.90675802 -371.72726520
7045.40753062 14576.51345296 -385.43707487
7099.63317219 14711.00338491 -399.34680569
7153.95810748 14846.37883373 -413.45765774
7208.37861033 14982.64203325 -427.77081356
7262.89091953 15119.79517046 -442.28743760
7317.49123939 15257.84038458 -457.00867578
7372.17574040 15396.77976631 -471.93565499
7426.94055986 15536.61535690 -487.06948253
7481.78180250 15677.34914737 -502.41124566
7536.69554120 15818.98307766 -517.96201108
7591.67781768 15961.51903576 -533.72282442
7646.72464327 16104.95885695 -549.69470972
7701.83199961 16249.30432291 -565.87866894
7756.99583948 16394.55716098 -582.27568146
7812.21208761 16540.71904328 -598.88670353
7867.47664148 16687.79158594 -615.71266781
7922.78537223 16835.77634833 -632.75448283
7978.13412550 16984.67483224 -650.01303248
8033.51872238 17134.48848110 -667.48917554
8088.93496034 17285.21867925 -685.18374514
8144.37861421 17436.86675115 -703.09754824
8199.84543713 17589.43396064 -721.23136520
8255.33116164 17742.92151023 -739.58594919
8310.83150068 17897.33054033 -758.16202578
8366.34214870 18052.66212858 -776.96029238
8421.85878274 18208.91728914 -795.98141776
8477.37706358 18366.09697200 -815.22604163
8532.89263688 18524.20206233 -834.69477404
8588.40113440 18683.23337978 -854.38819503
8643.89817520 18843.19167791 -874.30685404
8699.37936688 19004.07764353 -894.45126955
8754.84030686 19165.89189608 -914.82192852
8810.27658368 19328.63498710 -935.41928602
8865.68377832 19492.30739961 -956.24376470
8921.05746557 19656.90954760 -977.29575444
8976.39321541 19822.44177548 -998.57561182
9031.68659443 19988.90435761 -1020.08365978
9086.93316722 20156.29749778 -1041.82018712
9142.12849791 20324.62132878 -1063.78544817
9197.26815161 20493.87591195 -1085.97966234
9252.34769595 20664.06123678 -1108.40301375
9307.36270263 20835.17722053 -1131.05565083
9362.30874897 21007.22370785 -1153.93768600
9417.18141953 21180.20047048 -1177.04919525
9471.97630772 21354.10720693 -1200.39021786
9526.68901746 21528.94354220 -1223.96075600
9581.31516484 21704.70902757 -1247.76077449
9635.85037982 21881.40314035 -1271.79020042
9690.29030792 22059.02528372 -1296.04892293
9744.63061201 22237.57478658 -1320.53679285
9798.86697404 22417.05090342 -1345.25362255
9852.99509678 22597.45281428 -1370.19918558
9907.01070569 22778.77962464 -1395.37321655
9960.90955064 22961.03036548 -1420.77541085
10014.68740779 23144.20399327 -1446.40542449
10068.34008134 23328.29939004 -1472.26287393
10121.86340542 23513.31536348 -1498.34733594
10175.25324581 23699.25064713 -1524.65834748
10228.50550180 23886.10390048 -1551.19540556
10281.61610796 24073.87370930 -1577.95796723
10334.58103598 24262.55858580 -1604.94544948
10387.39629643 24452.15696901 -1632.15722921
10440.05794063 24642.66722508 -1659.59264322
10492.56206243 24834.08764769 -1687.25098826
10544.90480008 25026.41645844 -1715.13152101
10597.08233805 25219.65180737 -1743.23345814
10649.09090893 25413.79177340 -1771.55597645
10700.92679521 25608.83436495 -1800.09821292
10752.58633122 25804.77752048 -1828.85926484
10804.06590497 26001.61910917 -1857.83818999
10855.36196004 26199.35693156 -1887.03400681
10906.47099745 26397.98872033 -1916.44569459
10957.38957755 26597.51214103 -1946.07219371
11008.11432193 26797.92479294 -1975.91240589
11058.64191525 26999.22420990 -2005.96519449
11108.96910719 27201.40786128 -2036.22938479
11159.09271429 27404.47315288 -2066.70376435
11209.00962184 27608.41742799 -2097.38708338
11258.71678576 27813.23796847 -2128.27805510
11308.21123447 28018.93199579 -2159.37535620
11357.49007074 28225.49667228 -2190.67762727
11406.55047350 28432.92910228 -2222.18347328
11455.38969977 28641.22633346 -2253.89146409
11504.00508639 28850.38535808 -2285.80013500
11552.39405185 29060.40311441 -2317.90798731
11600.55409812 29271.27648813 -2350.21348892
11648.48281237 29483.00231377 -2382.71507496
11696.17786873 29695.57737632 -2415.41114845
11743.63703004 29908.99841271 -2448.30008102
11790.85814952 30123.26211352 -2481.38021357
11837.83917245 30338.36512462 -2514.64985710
11884.57813783 30554.30404889 -2548.10729343
11931.07317999 30771.07544807 -2581.75077608
11977.32253014 30988.67584454 -2615.57853107
12023.32451795 31207.10172323 -2649.58875780
12069.07757304 31426.34953360 -2683.77963003
12114.58022645 31646.41569156 -2718.14929673
12159.83111206 31867.29658159 -2752.69588312
12204.82896799 32088.98855879 -2787.41749167
12249.57263789 32311.48795105 -2822.31220311
12294.06107227 32534.79106125 -2857.37807753
12338.29332973 32758.89416947 -2892.61315546
12382.26857809 32983.79353533 -2928.01545903
12425.98609559 33209.48540029 -2963.58299308
12469.44527188 33435.96599008 -2999.31374641
12512.64560909 33663.23151710 -3035.20569297
12555.58672273 33891.27818290 -3071.25679311
12598.26834259 34120.10218071 -3107.46499488
12640.69031352 34349.69969801 -3143.82823531
12682.85259621 34580.06691911 -3180.34444177
12724.75526781 34811.20002783 -3217.01153334
12766.39852258 35043.09521014 -3253.82742215
12807.78267235 35275.74865690 -3290.79001485
12848.90814697 35509.15656662 -3327.89721405
12889.77549467 35743.31514824 -3365.14691974
12930.38538235 35978.22062394 -3402.53703080
12970.73859572 36213.86923199 -3440.06544656
13010.83603941 36450.25722964 -3477.73006825
13050.67873699 36687.38089602 -3515.52880061
13090.26783085 36925.23653502 -3553.45955345
13129.60458206 37163.82047830 -3591.52024324
13168.69037003 37403.12908823 -3629.70879473
13207.52669219 37643.15876085 -3668.02314255
13246.11516344 37883.90592888 -3706.46123289
13284.45751563 38125.36706475 -3745.02102511
13322.55559684 38367.53868357 -3783.70049346
13360.41137058 38610.41734619 -3822.49762870
13398.02691490 38853.99966219 -3861.41043984
13435.40442135 39098.28229294 -3900.43695578
13472.54619389 39343.26195459 -3939.57522709
13509.45464763 39588.93542109 -3978.82332762
13546.13230750 39835.29952721 -4018.17935629
13582.58180674 40082.35117152 -4057.64143875
13618.80588536 40330.08731935 -4097.20772912
13654.80738843 40578.50500578 -4136.87641168
13690.58926425 40827.60133856 -4176.64570257
13726.15456242 41077.37350097 -4216.51385151
13761.50643179 41327.81875478 -4256.47914345
13796.64811828 41578.93444302 -4296.53990029
13831.58296259 41830.71799279 -4336.69448251
13866.31439776 42083.16691806 -4376.94129083
13900.84594668 42336.27882236 -4417.27876787
13935.18121938 42590.05140140 -4457.70539973
13969.32391032 42844.48244577 -4498.21971758
14003.27779543 43099.56984339 -4538.82029927
14037.04672913 43355.31158209 -4579.50577084
14070.63464119 43611.70575194 -4620.27480804
14104.04553351 43868.75054767 -4661.12613782
14137.28347671 44126.44427093 -4702.05853978
14170.35260669 44384.78533244 -4743.07084760
14203.25712101 44643.77225415 -4784.16195039
14236.00127524 44903.40367126 -4825.33079404
14268.58937909 45163.67833411 -4866.57638252
14301.02579255 45424.59511004 -4907.89777913
14333.31492180 45686.15298512 -4949.29410769
14365.46121520 45948.35106577 -4990.76455370
14397.46915894 46211.18858030 -5032.30836543
14429.34327285 46474.66488026 -5073.92485496
14461.08810589 46738.77944177 -5115.61339918
14492.70823174 47003.53186667 -5157.37344069
14524.20824416 47268.92188354 -5199.20448869
14555.59275237 47534.94934864 -5241.10611972
14586.86637628 47801.61424664 -5283.07797847
14618.03374171 48068.91669127 -5325.11977834
14649.09947553 48336.85692583 -5367.23130213
14680.06820067 48605.43532352 -5409.41240243
14710.94453117 48874.65238763 -5451.66300217
14741.73306713 49144.50875160 -5493.98309489
14772.43838959 49415.00517891 -5536.37274503
14803.06505546 49686.14256282 -5578.83208816
14833.61759228 49957.92192591 -5621.36133103
14864.10049309 50230.34441954 -5663.96075159
14894.51821119 50503.41132303 -5706.63069898
14924.87515490 50777.12404281 -5749.37159327
14955.17568237 51051.48411124 -5792.18392529
14985.42409630 51326.49318543 -5835.06825624
15015.62463874 51602.15304571 -5878.02521722
15045.78148587 51878.46559409 -5921.05550876
15075.89874280 52155.43285242 -5964.15990012
15105.98043844 52433.05696045 -6007.33922859
15136.03052035 52711.34017366 -6050.59439863
15166.05284967 52990.28486098 -6093.92638099
15196.05119612 53269.89350225 -6137.33621159
15226.02923302 53550.16868560 -6180.82499050
15255.99053240 53831.11310459 -6224.39388062
15285.93856019 54112.72955518 -6268.04410642
15315.87667154 54395.02093264 -6311.77695248
15345.80810613 54677.99022811 -6355.59376201
15375.73598367 54961.64052518 -6399.49593520
15405.66329949 55245.97499619 -6443.48492754
15435.59292024 55530.99689844 -6487.56224800
15465.52757972 55816.70957014 -6531.72945717
15495.46987485 56103.11642636 -6575.98816521
15525.42226180 56390.22095461 -6620.34002980
15555.38705224 56678.02671048 -6664.78675394
15585.36640978 56966.53731295 -6709.33008369
15615.36234661 57255.75643967 -6753.97180580
15645.37672024 57545.68782203 -6798.71374523
15675.41123054 57836.33524008 -6843.55776267
15705.46741688 58127.70251738 -6888.50575182
15735.54665555 58419.79351568 -6933.55963678
15765.65015735 58712.61212942 -6978.72136918
15795.77896546 59006.16228022 -7023.99292536
15825.93395349 59300.44791119 -7069.37630343
15856.11582377 59595.47298115 -7114.87352024
15886.32510598 59891.24145873 -7160.48660833
15916.56215592 60187.75731646 -7206.21761278
15946.82715461 60485.02452468 -7252.06858801
15977.12010766 60783.04704545 -7298.04159456
16007.44084491 61081.82882636 -7344.13869580
16037.78902034 61381.37379434 -7390.36195454
16068.16411230 61681.68584935 -7436.71342972
16098.56542402 61982.76885814 -7483.19517297
16128.99208440 62284.62664788 -7529.80922518
16159.44304915 62587.26299986 -7576.55761304
16189.91710224 62890.68164320 -7623.44234557
16220.41285758 63194.88624849 -7670.46541067
16250.92876113 63499.88042155 -7717.62877159
16281.46309324 63805.66769721 -7764.93436348
16312.01397138 64112.25153307 -7812.38408991
16342.57935313 64419.63530345 -7859.97981945
16373.15703951 64727.82229327 -7907.72338218
16403.74467867 65036.81569218 -7955.61656638
16434.33976985 65346.61858866 -8003.66111509
16464.93966769 65657.23396435 -8051.85872288
16495.54158682 65968.66468838 -8100.21103253
16526.14260682 66280.91351200 -8148.71963186
16556.73967745 66593.98306324 -8197.38605063
16587.32962417 66907.87584185 -8246.21175747
16617.90915402 67222.59421431 -8295.19815690
16648.47486173 67538.14040917 -8344.34658649
16679.02323614 67854.51651249 -8393.65831408
16709.55066694 68171.72446359 -8443.13453509
16740.05345158 68489.76605100 -8492.77637002
16770.52780256 68808.64290869 -8542.58486199
16800.96985485 69128.35651253 -8592.56097445
16831.37567366 69448.90817706 -8642.70558903
16861.74126238 69770.29905259 -8693.01950351
16892.06257069 70092.53012248 -8743.50343000
16922.33550296 70415.60220089 -8794.15799318
16952.55592680 70739.51593076 -8844.98372881
16982.71968173 71064.27178216 -8895.98108237
17012.82258806 71389.87005095 -8947.15040782
17042.86045591 71716.31085787 -8998.49196667
17072.82909431 72043.59414795 -9050.00592711
17102.72432041 72371.71969026 -9101.69236346
17132.54196878 72700.68707813 -9153.55125568
17162.27790079 73030.49572969 -9205.58248923
17191.92801398 73361.14488881 -9257.78585502
17221.48825148 73692.63362648 -9310.16104965
17250.95461141 74024.96084255 -9362.70767586
17280.32315630 74358.12526792 -9415.42524315
17309.59002238 74692.12546707 -9468.31316864
17338.75142888 75026.95984109 -9521.37077821
17367.80368717 75362.62663105 -9574.59730783
17396.74320980 75699.12392181 -9627.99190504
17425.56651944 76036.44964626 -9681.55363079
17454.27025755 76374.60158990 -9735.28146145
17482.85119296 76713.57739590 -9789.17429099
17511.30623018 77053.37457049 -9843.23093345
17539.63241743 77393.99048878 -9897.45012565
17567.82695451 77735.42240095 -9951.83053004
17595.88720021 78077.66743880 -10006.37073782
17623.81067959 78420.72262270 -10061.06927229
17651.59509076 78764.58486882 -10115.92459233
17679.23831138 79109.25099680 -10170.93509617
17706.73840471 79454.71773765 -10226.09912529
17734.09362533 79800.98174199 -10281.41496851
17761.30242429 80148.03958862 -10336.88086635
17788.36345397 80495.88779332 -10392.49501540
17815.27557227 80844.52281790 -10448.25557300
17842.03784649 81193.94107952 -10504.16066202
17868.64955651 81544.13896023 -10560.20837574
17895.11019758 81895.11281664 -10616.39678292
17921.41948246 82246.85898981 -10672.72393298
17947.57734302 82599.37381528 -10729.18786125
17973.58393126 82952.65363320 -10785.78659432
17999.43961973 83306.69479856 -10842.51815556
18025.14500131 83661.49369146 -10899.38057054
18050.70088840 84017.04672747 -10956.37187266
18076.10831149 84373.35036792 -11013.49010871
18101.36851704 84730.40113022 -11070.73334450
18126.48296475 85088.19559809 -11128.09967048
18151.45332424 85446.73043174 -11185.58720734
18176.28147096 85806.00237789 -11243.19411158
18200.96948156 86166.00827966 -11300.91858104
18225.51962860 86526.74508624 -11358.75886039
18249.93437456 86888.20986243 -11416.71324643
18274.21636532 87250.39979781 -11474.78009345
18298.36842290 87613.31221573 -11532.95781833
18322.39353772 87976.94458192 -11591.24490556
18346.29486017 88341.29451276 -11649.63991215
18370.07569163 88706.35978321 -11708.14147223
18393.73947496 89072.13833430 -11766.74830161
18417.28978439 89438.62828012 -11825.45920204
18440.73031496 89805.82791446 -11884.27306525
18464.06487142 90173.73571683 -11943.18887680
18487.29735670 90542.35035803 -12002.20571957
18510.43175992 90911.67070509 -12061.32277708
18533.47214403 91281.69582570 -12120.53933645
18556.42263308 91652.42499195 -12179.85479106
18579.28739912 92023.85768353 -12239.26864290
18602.07064886 92395.99359019 -12298.78050461
18624.77661007 92768.83261356 -12358.39010110
18647.40951773 93142.37486834 -12418.09727087
18669.97360011 93516.62068265 -12477.90196695
18692.47306460 93891.57059780 -12537.80425746
18714.91208362 94267.22536725 -12597.80432575
18737.29478035 94643.58595485 -12657.90247021
18759.62521464 95020.65353235 -12718.09910359
18781.90736888 95398.42947615 -12778.39475203
18804.14513404 95776.91536331 -12838.79005356
18826.34229595 96156.11296685 -12899.28575632
18848.50252171 96536.02425023 -12959.88271624
18870.62934643 96916.65136119 -13020.58189444
18892.72616034 97297.99662485 -13081.38435416
18914.79619628 97680.06253607 -13142.29125725
18936.84251754 98062.85175116 -13203.30386042
18958.86800635 98446.36707890 -13264.42351093
18980.87535278 98830.61147096 -13325.65164202
19002.86704432 99215.58801157 -13386.98976792
19024.84535604 99601.29990677 -13448.43947857
19046.81234148 99987.75047293 -13510.00243391
19068.76982431 100374.94312481 -13571.68035789
19090.71939069 100762.88136316 -13633.47503225
19112.66238251 101151.56876172 -13695.38828985
19134.59989154 101541.00895400 -13757.42200789
19156.53275438 101931.20561950 -13819.57810081
19178.46154843 102322.16246974 -13881.85851297
19200.38658884 102713.88323395 -13944.26521113
19222.30792639 103106.37164454 -14006.80017686
19244.22534648 103499.63142244 -14069.46539862
19266.13836912 103893.66626231 -14132.26286396
19288.04625001 104288.47981770 -14195.19455144
19309.94798268 104684.07568622 -14258.26242261
19331.84230174 105080.45739475 -14321.46841400
19353.72768725 105477.62838490 -14384.81442899
19375.60237011 105875.59199850 -14448.30232994
19397.46433862 106274.35146350 -14511.93393018
19419.31134606 106673.90988013 -14575.71098633
19441.14091944 107074.27020742 -14639.63519064
19462.95036913 107475.43525028 -14703.70816357
19484.73679970 107877.40764701 -14767.93144662
19506.49712160 108280.18985745 -14832.30649540
19528.22806392 108683.78415170 -14896.83467298
19549.92618798 109088.19259966 -14961.51724365
19571.58790181 109493.41706127 -15026.35536696
19593.20947554 109899.45917755 -15091.35009220
19614.78705743 110306.32036255 -15156.50235333
19636.31669068 110714.00179626 -15221.81296433
19657.79433089 111122.50441842 -15287.28261510
19679.21586406 111531.82892339 -15352.91186781
19700.57712511 111941.97575612 -15418.70115383
19721.87391683 112352.94510913 -15484.65077124
19743.10202912 112764.73692068 -15550.76088290
19764.25725859 113177.35087408 -15617.03151515
19785.33542820 113590.78639818 -15683.46255712
19806.33240709 114005.04266904 -15750.05376065
19827.24413031 114420.11861286 -15816.80474092
19848.06661849 114836.01291003 -15883.71497769
19868.79599729 115252.72400048 -15950.78381719
19889.42851654 115670.25009019 -16018.01047473
19909.96056893 116088.58915890 -16085.39403788
19930.38870830 116507.73896903 -16152.93347039
19950.70966722 116927.69707568 -16220.62761671
19970.92037395 117348.46083782 -16288.47520712
19991.01796853 117770.02743053 -16356.47486355
20010.99981803 118192.39385826 -16424.62510593
20030.86353083 118615.55696913 -16492.92435916
20050.60696976 119039.51347008 -16561.37096058
20070.22826415 119464.25994296 -16629.96316801
20089.72582060 119889.79286139 -16698.69916824
20109.09833249 120316.10860829 -16767.57708599
20128.34478804 120743.20349417 -16836.59499329
20147.46447695 121171.07377584 -16905.75091916
20166.45699557 121599.71567571 -16975.04285971
20185.32225045 122029.12540133 -17044.46878842
20204.06046033 122459.29916533 -17114.02666673
20222.67215649 122890.23320544 -17183.71445468
20241.15818143 123321.92380459 -17253.53012183
20259.51968583 123754.36731101 -17323.47165802
20277.75812391 124187.56015809 -17393.53708436
20295.87524698 124621.49888404 -17463.72446395
20313.87309540 125056.18015115 -17534.03191261
20331.75398884 125491.60076453 -17604.45760936
20349.52051487 125927.75769026 -17674.99980669
20367.17551602 126364.64807281 -17745.65684048
20384.72207524 126802.26925166 -17816.42713954
20402.16349986 127240.61877692 -17887.30923480
20419.50330421 127679.69442397 -17958.30176793
20436.74519081 128119.49420691 -18029.40349940
20453.89303033 128560.01639079 -18100.61331600
20470.95084046 129001.25950254 -18171.93023770
20487.92276362 129443.22234040 -18243.35342368
20504.81304385 129885.90398196 -18314.88217778
20521.62600283 130329.30379057 -18386.51595306
20538.36601523 130773.42142016 -18458.25435548
20555.03748352 131218.25681833 -18530.09714679
20571.64481244 131663.81022784 -18602.04424649
20588.19238314 132110.08218618 -18674.09573284
20604.68452732 132557.07352350 -18746.25184295
20621.12550136 133004.78535864 -18818.51297184
20637.51946074 133453.21909348 -18890.87967067
20653.87043485 133902.37640541 -18963.35264379
20670.18230231 134352.25923803 -19035.93274504
20686.45876708 134802.86979023 -19108.62097289
20702.70333541 135254.21050343 -19181.41846478
20718.91929385 135706.28404732 -19254.32649043
20735.10968848 136159.09330394 -19327.34644435
20751.27730545 136612.64135037 -19400.47983741
20767.42465306 137066.93143990 -19473.72828766
20783.55394550 137521.96698206 -19547.09351032
20799.66708828 137977.75152136 -19620.57730709
20815.76566563 138434.28871502 -19694.18155484
20831.85092988 138891.58230981 -19767.90819363
20847.92379290 139349.63611803 -19841.75921432
20863.98481984 139808.45399298 -19915.73664562
20880.03422499 140268.03980385 -19989.84254090
20896.07187009 140728.39741036 -20064.07896465
20912.09726495 141189.53063729 -20138.44797880
20928.10957047 141651.44324897 -20212.95162893
20944.10760409 142114.13892409 -20287.59193045
20960.08984763 142577.62123078 -20362.37085498
20976.05445754 143041.89360242 -20437.29031682
20991.99927748 143506.95931405 -20512.35215978
21007.92185317 143972.82145983 -20587.55814436
21023.81944953 144439.48293156 -20662.90993546
21039.68906986 144906.94639844 -20738.40909069
21055.52747709 145375.21428836 -20814.05704927
21071.33121687 145844.28877073 -20889.85512181
21087.09664248 146314.17174104 -20965.80448089
21102.81994123 146784.86480735 -21041.90615254
21118.49716238 147256.36927877 -21118.16100883
21134.12424616 147728.68615604 -21194.56976146
21149.69705394 148201.81612439 -21271.13295654
21165.21139909 148675.75954861 -21347.85097051
21180.66307851 149150.51647060 -21424.72400741
21196.04790447 149626.08660930 -21501.75209733
21211.36173658 150102.46936303 -21578.93509625
21226.60051358 150579.66381439 -21656.27268716
21241.76028481 151057.66873759 -21733.76438259
21256.83724099 151536.48260818 -21811.40952838
21271.82774412 152016.10361529 -21889.20730892
21286.72835628 152496.52967603 -21967.15675353
21301.53586700 152977.75845233 -22045.25674428
21316.24731906 153459.78736980 -22123.50602488
21330.86003239 153942.61363862 -22201.90321088
21345.37162601 154426.23427636 -22280.44680085
21359.78003759 154910.64613245 -22359.13518872
21374.08354067 155395.84591429 -22437.96667691
21388.28075917 155881.83021455 -22516.93949043
21402.37067920 156368.59553979 -22596.05179167
21416.35265791 156856.13833987 -22675.30169582
21430.22642933 157344.45503809 -22754.68728680
21443.99210711 157833.54206178 -22834.20663359
21457.65018406 158323.39587306 -22913.85780675
21471.20152854 158814.01299958 -22993.63889517
21484.64737753 159305.39006485 -23073.54802265
21497.98932653 159797.52381804 -23153.58336442
21511.22931638 160290.41116294 -23233.74316329
21524.36961682 160784.04918570 -23314.02574534
21537.41280720 161278.43518135 -23394.42953506
21550.36175426 161773.56667854 -23474.95306968
21563.21958723 162269.44146248 -23555.59501268
21575.98967036 162766.05759585 -23636.35416622
21588.67557320 163263.41343726 -23717.22948252
21601.28103879 163761.50765736 -23798.22007394
21613.80994997 164260.33925214 -23879.32522167
21626.26629426 164759.90755348 -23960.54438307
21638.65412737 165260.21223669 -24041.87719732
21650.97753589 165761.25332495 -24123.32348963
21663.24059936 166263.03119065 -24204.88327357
21675.44735203 166765.54655345 -24286.55675189
21687.60174482 167268.80047513 -24368.34431543
21699.70760765 167772.79435116 -24450.24654033
21711.76861264 168277.52989916 -24532.26418350
21723.78823843 168783.00914410 -24614.39817629
21735.76973611 169289.23440054 -24696.64961651
21747.71609695 169796.20825194 -24779.01975874
21759.63002234 170303.93352722 -24861.51000309
21771.51389635 170812.41327473 -24944.12188248
21783.36976096 171321.65073393 -25026.85704847
21795.19929457 171831.64930488 -25109.71725587
21807.00379373 172342.41251598 -25192.70434615
21818.78415851 172853.94399013 -25275.82022995
21830.54088166 173366.24740966 -25359.06686861
21842.27404170 173879.32648040 -25442.44625519
21853.98330000 174393.18489510 -25525.96039489
21865.66790214 174907.82629682 -25609.61128522
21877.32668329 175423.25424234 -25693.40089611
21888.95807789 175939.47216623 -25777.33115003
21900.56013346 176456.48334578 -25861.40390250
21912.13052842 176974.29086721 -25945.62092307
21923.66659385 177492.89759363 -26029.98387699
21935.16533906 178012.30613491 -26114.49430787
21946.62348066 178532.51881994 -26199.15362132
21958.03747490 179053.53767160 -26283.96307001
21969.40355307 179575.36438459 -26368.92374008
21980.71775944 180098.00030666 -26454.03653924
21991.97599166 180621.44642318 -26539.30218660
22003.17404289 181145.70334549 -26624.72120445
22014.30764552 181670.77130310 -26710.29391203
22025.37251583 182196.65013988 -26796.02042137
22036.36439923 182723.33931436 -26881.90063541
22047.27911559 183250.83790421 -26967.93424826
22058.11260411 183779.14461480 -27054.12074776
22068.86096728 184308.25779194 -27140.45942032
22079.52051341 184838.17543867 -27226.94935793
22090.08779727 185368.89523586 -27313.58946744
22100.55965835 185900.41456663 -27400.37848194
22110.93325624 186432.73054419 -27487.31497406
22121.20610274 186965.84004296 -27574.39737133
22131.37609037 187499.73973256 -27661.62397310
22141.44151667 188034.42611447 -27748.99296923
22151.40110428 188569.89556073 -27836.50245997
22161.25401625 189106.14435456 -27924.15047717
22170.99986647 189643.16873224 -28011.93500634
22180.63872501 190180.96492582 -28099.85400944
22190.17111827 190719.52920632 -28187.90544816
22199.59802380 191258.85792666 -28276.08730728
22208.92085988 191798.94756412 -28364.39761807
22218.14146980 192339.79476154 -28452.83448119
22227.26210111 192881.39636694 -28541.39608906
22236.28537985 193423.74947103 -28630.08074721
22245.21428015 193966.85144207 -28718.88689457
22254.05208943 194510.69995767 -28807.81312218
22262.80236956 195055.29303320 -28896.85819033
22271.46891449 195600.62904621 -28986.02104369
22280.05570470 196146.70675674 -29075.30082438
22288.56685904 196693.52532303 -29164.69688274
22297.00658458 197241.08431255 -29254.20878553
22305.37912497 197789.38370801 -29343.83632165
22313.68870798 198338.42390830 -29433.57950508
22321.93949289 198888.20572428 -29523.43857504
22330.13551832 199438.73036933 -29613.41399339
22338.28065123 199989.99944483 -29703.50643914
22346.37853773 200542.01492063 -29793.71680027
22354.43255632 201094.77911068 -29884.04616274
22362.44577422 201648.29464412 -29974.49579699
22370.42090741 202202.56443213 -30065.06714193
22378.36028487 202757.59163089 -30155.76178662
22386.26581760 203313.37960109 -30246.58144999
22394.13897287 203869.93186460 -30337.52795858
22401.98075405 204427.25205854 -30428.60322284
22409.79168648 204985.34388772 -30519.80921209
22417.57180942 205544.21107568 -30611.14792856
22425.32067455 206103.85731526 -30702.62138078
22433.03735081 206664.28621914 -30794.23155675
22440.72043587 207225.50127117 -30885.98039717
22448.36807395 207787.50577907 -30977.86976908
22455.97797990 208350.30282918 -31069.90144039
22463.54746935 208913.89524390 -31162.07705554
22471.07349442 209478.28554243 -31254.39811264
22478.55268480 210043.47590544 -31346.86594257
22485.98139344 210609.46814410 -31439.48169007
22493.35574648 211176.26367404 -31532.24629747
22500.67169662 211743.86349466 -31625.16049097
22507.92507936 212312.26817406 -31718.22476994
22515.11167123 212881.47783999 -31811.43939927
22522.22724924 213451.49217689 -31904.80440504
22529.26765083 214022.31042925 -31998.31957349
22536.22883327 214593.93141125 -32091.98445344
22543.10693182 215166.35352260 -32185.79836214
22549.89831570 215739.57477048 -32279.76039441
22556.59964115 216313.59279731 -32373.86943514
22563.20790056 216888.40491400 -32468.12417494
22569.72046715 217464.00813827 -32562.52312863
22576.13513435 218040.39923753 -32657.06465654
22582.45014925 218617.57477577 -32751.74698817
22588.66423959 219195.53116376 -32846.56824800
22594.77663379 219774.26471189 -32941.52648300
22600.78707364 220353.77168490 -33036.61969151
22606.69581937 220934.04835764 -33131.84585305
22612.50364693 221515.09107114 -33227.20295861
22618.21183748 222096.89628792 -33322.68904102
22623.82215903 222679.46064603 -33418.30220478
22629.33684058 223262.78101061 -33514.04065518
22634.75853896 223846.85452243 -33609.90272587
22640.09029886 224431.67864241 -33705.88690481
22645.33550650 225017.25119158 -33801.99185789
22650.49783775 225603.57038561 -33898.21644999
22655.58120132 226190.63486349 -33994.55976304
22660.58967784 226778.44370960 -34091.02111080
22665.52745594 227366.99646907 -34187.60005011
22670.39876604 227956.29315579 -34284.29638828
22675.20781309 228546.33425306 -34381.11018659
22679.95870933 229137.12070668 -34478.04175974
22684.65540791 229728.65391060 -34575.09167120
22689.30163884 230320.93568516 -34672.26072449
22693.90084798 230913.96824832 -34769.54995053
22698.45614035 231507.75418011 -34866.96059119
22702.97022859 232102.29638103 -34964.49407923
22707.44538758 232697.59802474 -35062.15201501
22711.88341598 233293.66250605 -35159.93614025
22716.28560544 233890.49338477 -35257.84830922
22720.65271807 234488.09432648 -35355.89045793
22724.98497265 235086.46904113 -35454.06457170
22729.28203986 235685.62122042 -35552.37265166
22733.54304688 236285.55447512 -35650.81668078
22737.76659112 236886.27227332 -35749.39858999
22741.95076319 237487.77788068 -35848.12022494
22746.09317870 238090.07430378 -35946.98331399
22750.19101850 238693.16423749 -36045.98943801
22754.24107664 239297.05001745 -36145.14000256
22758.23981550 239901.73357839 -36244.43621286
22762.18342700 240507.21641923 -36343.87905215
22766.06789906 241113.49957554 -36443.46926378
22769.88908605 241720.58359997 -36543.20733734
22773.64278216 242328.46855113 -36643.09349929
22777.32479629 242937.15399110 -36743.12770814
22780.93102725 243546.63899185 -36843.30965435
22784.45753791 244156.92215044 -36943.63876509
22787.90062682 244768.00161287 -37044.11421378
22791.25689619 245379.87510630 -37144.73493419
22794.52331481 245992.53997900 -37245.49963908
22797.69727471 246605.99324760 -37346.40684299
22800.77664053 247220.23165061 -37447.45488876
22803.75979056 247835.25170757 -37548.64197746
22806.64564859 248451.04978253 -37649.96620109
22809.43370591 249067.62215093 -37751.42557758
22812.12403293 249684.96506861 -37853.01808739
22814.71728008 250303.07484160 -37954.74171107
22817.21466783 250921.94789558 -38056.59446711
22819.61796602 251541.58084347 -38158.57444931
22821.92946253 252161.97055009 -38260.67986303
22824.15192210 252783.11419235 -38362.90905955
22826.28853563 253405.00931410 -38465.26056795
22828.34286111 254027.65387420 -38567.73312373
22830.31875705 254651.04628714 -38670.32569377
22832.22030973 255275.18545499 -38773.03749696
22834.05175544 255900.07079034 -38875.86802011
22835.81739944 256525.70222938 -38978.81702878
22837.52153290 257152.08023492 -39081.88457277
22839.16834968 257779.20578915 -39185.07098607
22840.76186436 258407.08037620 -39288.37688128
22842.30583331 259035.70595462 -39391.80313843
22843.80368041 259665.08492042 -39495.35088855
22845.25842881 260295.22006111 -39599.02149206
22846.67264031 260926.11450168 -39702.81651247
22848.04836350 261557.77164352 -39806.73768592
22849.38709205 262190.19509740 -39910.78688699
22850.68973376 262823.38861182 -40014.96609152
22851.95659142 263457.35599814 -40119.27733720
22853.18735580 264092.10105404 -40223.72268264
22854.38111115 264727.62748675 -40328.30416575
22855.53635305 265363.93883779 -40433.02376236
22856.65101868 266001.03841061 -40537.88334586
22857.72252859 266638.92920283 -40642.88464873
22858.74783964 267277.61384444 -40748.02922678
22859.72350772 267917.09454335 -40853.31842692
22860.64575930 268557.37303949 -40958.75335910
22861.51057033 269198.45056854 -41064.33487311
22862.31375071 269840.32783618 -41170.06354076
22863.05103284 270483.00500335 -41275.93964390
22863.71816222 271126.48168325 -41381.96316848
22864.31098821 271770.75694988 -41488.13380509
22864.82555305 272415.82935840 -41594.45095566
22865.25817704 273061.69697673 -41700.91374662
22865.60553823 273708.35742792 -41807.52104804
22865.86474456 274355.80794248 -41914.27149842
22866.03339694 275004.04541951 -42021.16353479
22866.10964186 275653.06649554 -42128.19542731
22866.09221199 276302.86761942 -42235.36531779
22865.98045410 276953.44513181 -42342.67126122
22865.77434328 277604.79534750 -42450.11126948
22865.47448313 278256.91463865 -42557.68335622
22865.08209179 278909.79951718 -42665.38558194
22864.59897395 279563.44671449 -42773.21609821
22864.02747931 280217.85325640 -42881.17319009
22863.37044844 280873.01653195 -42989.25531563
22862.63114702 281528.93435407 -43097.46114174
22861.81318986 282185.60501079 -43205.78957531
22860.92045654 282843.02730585 -43314.23978898
22859.95700031 283501.20058731 -43422.81124091
22858.92695244 284160.12476380 -43531.50368789
22857.83442422 284819.80030753 -43640.31719163
22856.68340884 285480.22824414 -43749.25211781
22855.47768544 286141.41012931 -43858.30912797
22854.22072774 286803.34801271 -43967.48916434
22852.91561937 287466.04438984 -44076.79342783
22851.56497794 288129.50214296 -44186.22334974
22850.17088994 288793.72447233 -44295.78055771
22848.73485794 289458.71481929 -44405.46683676
22847.25776162 290124.47678304 -44515.28408622
22845.73983370 290791.01403302 -44625.23427363
22844.18065142 291458.33021893 -44735.31938661
22842.57914401 292126.42888067 -44845.54138401
22840.93361619 292795.31336029 -44955.90214732
22839.24178711 293464.98671828 -45066.40343369
22837.50084412 294135.45165609 -45177.04683172
22835.70751008 294806.71044714 -45287.83372107
22833.85812267 295478.76487782 -45398.76523695
22831.94872393 296151.61620036 -45509.84224056
22829.97515787 296825.26509860 -45621.06529601
22827.93317368 297499.71166784 -45732.43465469
22825.81853217 298174.95540936 -45843.95024726
22823.62711267 298850.99523987 -45955.61168378
22821.35501766 299527.82951587 -46067.41826193
22818.99867255 300205.45607237 -46179.36898318
22816.55491794 300883.87227527 -46291.46257671
22814.02109187 301563.07508600 -46403.69753037
22811.39509997 302243.06113709 -46516.07212812
22808.67547146 302923.82681663 -46628.58449293
22805.86139943 303605.36835971 -46741.23263415
22802.95276430 304287.68194441 -46854.01449812
22799.95013949 304970.76378988 -46966.92802076
22796.85477913 305654.61025405 -47079.97118080
22793.66858792 306339.21792833 -47193.14205220
22790.39407373 307024.58372682 -47306.43885445
22787.03428402 307710.70496752 -47419.85999927
22783.59272766 308397.57944349 -47533.40413263
22780.07328406 309085.20548175 -47647.07017076
22776.48010193 309773.58198843 -47760.85732913
22772.81749024 310462.70847868 -47874.76514377
22769.08980430 311152.58509047 -47988.79348396
22765.30133005 311843.21258175 -48102.94255613
22761.45616946 312534.59231087 -48217.21289871
22757.55813043 313226.72620062 -48331.60536786
22753.61062409 313919.61668687 -48446.12111464
22749.61657237 314613.26665280 -48560.76155389
22745.57832859 315307.67935072 -48675.52832582
22741.49761323 316002.85831327 -48790.42325115
22737.37546694 316698.80725651 -48905.44828118
22733.21222207 317395.52997752 -49020.60544384
22729.00749393 318093.03024922 -49135.89678756
22724.76019188 318791.31171549 -49251.32432412
22720.46855041 319490.37778936 -49366.88997247
22716.13017930 320190.23155738 -49482.59550481
22711.74213166 320890.87569270 -49598.44249661
22707.30098809 321592.31237965 -49714.43228205
22702.80295470 322294.54325190 -49830.56591610
22698.24397218 322997.56934609 -49946.84414453
22693.61983308 323701.39107257 -50063.26738259
22688.92630372 324406.00820397 -50179.83570324
22684.15924751 325111.41988233 -50296.54883518
22679.31474584 325817.62464458 -50413.40617099
22674.38921317 326524.62046583 -50530.40678508
22669.37950283 327232.40481939 -50647.54946108
22664.28300029 327940.97475175 -50764.83272792
22659.09770116 328650.32697065 -50882.25490364
22653.82227133 329360.45794350 -50999.81414561
22648.45608743 330071.36400352 -51117.50850585
22642.99925614 330783.04146024 -51235.33598971
22637.45261170 331495.48671143 -51353.29461622
22631.81769142 332208.69635272 -51471.38247841
22626.09668975 332922.66728183 -51589.59780155
22620.29239218 333637.39679418 -51707.93899777
22614.40809079 334352.88266677 -51826.40471520
22608.44748381 335069.12322777 -51944.99388017
22602.41456221 335786.11740956 -52063.70573106
22596.31348664 336503.86478343 -52182.53984277
22590.14845855 337222.36557468 -52301.49614082
22583.92358920 337941.62065752 -52420.57490475
22577.64277087 338661.63152978 -52539.77676049
22571.30955417 339382.40026796 -52659.10266185
22564.92703532 340103.92946395 -52778.55386166
22558.49775710 340826.22214517 -52898.13187336
22552.02362664 341549.28168053 -53017.83842414
22545.50585285 342273.11167509 -53137.67540106
22538.94490562 342997.71585661 -53257.64479178
22532.34049825 343723.09795749 -53377.74862183
22525.69159392 344449.26159596 -53497.98889017
22518.99643615 345176.21016023 -53618.36750533
22512.25260258 345903.94669922 -53738.88622406
22505.45708041 346632.47382374 -53859.54659447
22498.60636134 347361.79362113 -53980.34990561
22491.69655313 348091.90758638 -54101.29714513
22484.72350417 348822.81657204 -54222.38896644
22477.68293725 349554.52075882 -54343.62566662
22470.57058817 350287.01964789 -54465.00717579
22463.38234469 351020.31207544 -54586.53305843
22456.11438125 351754.39624908 -54708.20252675
22448.76328499 352489.26980523 -54830.01446572
22441.32616879 353224.92988563 -54951.96746897
22433.80076752 353961.37323063 -55074.05988466
22426.18551410 354698.59628640 -55196.28986967
22418.47959269 355436.59532244 -55318.65545044
22410.68296699 356175.36655556 -55441.15458851
22402.79638254 356914.90627639 -55563.78524859
22394.82134273 357655.21097386 -55686.54546682
22386.76005905 358396.27745378 -55809.43341694
22378.61537712 359138.10294706 -55932.44747217
22370.39068081 359880.68520417 -56055.58626055
22362.08977750 360624.02257223 -56178.84871190
22353.71676834 361368.11405203 -56302.23409459
22345.27590782 362112.95933289 -56425.74204100
22336.77145738 362858.55880399 -56549.37256036
22328.20753817 363604.91354146 -56673.12603881
22319.58798791 364352.02527166 -56797.00322624
22310.91622708 365099.89631162 -56921.00521044
22302.19513904 365848.52948858 -57045.13337942
22293.42696840 366597.92804126 -57169.38937288
22284.61324144 367348.09550631 -57293.77502475
22275.75471151 368099.03559363 -57418.29229857
22266.85133157 368850.75205505 -57542.94321797
22257.90225495 369603.24855095 -57667.72979474
22248.90586472 370356.52851951 -57792.65395703
22239.85983068 371110.59505334 -57917.71748015
22230.76119214 371865.45078796 -58042.92192258
22221.60646387 372621.09780617 -58168.26856952
22212.39176134 373377.53756200 -58293.75838597
22203.11294108 374134.77082707 -58419.39198131
22193.76575105 374892.79766150 -58545.16958653
22184.34598560 375651.61741054 -58671.09104520
22174.84963955 376411.22872746 -58797.15581854
22165.27305552 377171.62962175 -58923.36300457
22155.61305918 377932.81753134 -59049.71137064
22145.86707733 378694.78941615 -59176.19939835
22136.03323426 379457.54186980 -59302.82533927
22126.11042264 380221.07124542 -59429.58727938
22116.09834620 380985.37379092 -59556.48321002
22105.99753231 381750.44578891 -59683.51110271
22095.80931373 382516.28369590 -59810.66898499
22085.53578010 383282.88427556 -59937.95501456
22075.17970071 384050.24472113 -60065.36754880
22064.74442117 384818.36276206 -60192.90520714
22054.23373786 385587.23675087 -60320.56692368
22043.65175466 386356.86572670 -60448.35198822
22033.00272734 387127.24945300 -60576.26007381
22022.29090144 387898.38842772 -60704.29124984
22011.52034985 388670.28386533 -60832.44597996
22000.69481628 389442.93765133 -60960.72510483
21989.81757078 390216.35227052 -61089.12981028
21978.89128288 390990.53071193 -61217.66158196
21967.91791756 391765.47635371 -61346.32214811
21956.89865811 392541.19283232 -61475.11341278
21945.83385919 393317.68390122 -61604.03738174
21934.72303215 394094.95328420 -61733.09608418
21923.56486342 394873.00452939 -61862.29149317
21912.35726541 395651.84086949 -61991.62544793
21901.09745826 396431.46509387 -62121.09958107
21889.78207942 397211.87943775 -62250.71525376
21878.40731675 397993.08549288 -62380.47350132
21866.96906022 398775.08414353 -62510.37499171
21855.46306610 399557.87553049 -62640.41999837
21843.88512727 400341.45904478 -62770.60838890
21832.23124276 401125.83335146 -62900.93962999
21820.49777969 401910.99644284 -63031.41280853
21808.68162102 402696.94571922 -63162.02666820
21796.78029303 403483.67809390 -63292.77966019
21784.79206710 404271.19011861 -63423.67000596
21772.71603161 405059.47812414 -63554.69576979
21760.55213057 405848.53837074 -63685.85493799
21748.30116742 406638.36720198 -63817.14550166
21735.96477334 407428.96119596 -63948.56553969
21723.54534130 408220.31730750 -64080.11329850
21711.04592826 409012.43299532 -64211.78726512
21698.47012927 409805.30632897 -64343.58623074
21685.82192875 410598.93607073 -64475.50934186
21673.10553473 411393.32172908 -64607.55613681
21660.32520300 412188.46358105 -64739.72656607
21647.48505846 412984.36266261 -64872.02099537
21634.58892119 413781.02072694 -65004.44019139
21621.64014445 414578.44017235 -65136.98529039
21608.64147179 415376.62394259 -65269.65775122
21595.59491931 416175.57540358 -65402.45929427
21582.50168820 416975.29820168 -65535.39182924
21569.36211173 417775.79610936 -65668.45737437
21556.17563891 418577.07286477 -65801.65797072
21542.94085606 419379.13201220 -65934.99559519
21529.65554537 420181.97675002 -66068.47207574
21516.31677833 420985.60979298 -66202.08901282
21502.92104022 421790.03325470 -66335.84771018
21489.46438044 422595.24855571 -66469.74911828
21475.94258226 423401.25636117 -66603.79379270
21462.35134493 424208.05655114 -66737.98186965
21448.68647002 425015.64822500 -66872.31305960
21434.94404405 425824.02973991 -67006.78665948
21421.12060933 426633.19878198 -67141.40158305
21407.21331528 427443.15246723 -67276.15640824
21393.22004366 428253.88746786 -67411.04943941
21379.13950175 429065.40015873 -67546.07878188
21364.97127934 429877.68677739 -67681.24242562
21350.71586664 430690.74359076 -67816.53833418
21336.37463207 431504.56706105 -67951.96453526
21321.94976077 432319.15400346 -68087.51920851
21307.44415629 433134.50172850 -68223.20076694
21292.86130958 433950.60816254 -68359.00792804
21278.20514122 434767.47194081 -68494.93977132
21263.47982366 435585.09246874 -68630.99577973
21248.68959149 436403.46994843 -68767.17586280
21233.83854834 437222.60536889 -68903.48036041
21218.93047912 438042.50046036 -69039.91002699
21203.96867637 438863.15761450 -69176.46599661
21188.95578855 439684.57977390 -69313.14973053
21173.89369770 440506.77029587 -69449.96294952
21158.78343198 441329.73279659 -69586.90755395
21143.62511768 442153.47098274 -69723.98553531
21128.41797284 442977.98847831 -69861.19888313
21113.16034338 443803.28865470 -69998.54949173
21097.84978004 444629.37447195 -70136.03907102
21082.48315291 445456.24833875 -70273.66906568
21067.05679848 446283.91199773 -70411.44058641
21051.56669233 447112.36644175 -70549.35435677
21036.00863970 447941.61186527 -70687.41067798
21020.37847480 448771.64765329 -70825.60941366
21004.67225975 449602.47240873 -70963.94999525
20988.88647345 450434.08401710 -71102.43144808
20973.01818150 451266.47974571 -71241.05243679
20957.06517885 452099.65637281 -71379.81132841
20941.02609813 452933.61034089 -71518.70626973
20924.90047844 453768.33792664 -71657.73527586
20908.68879069 454603.83541988 -71796.89632531
20892.39241834 455440.09930256 -71936.18745747
20876.01359391 456277.12641951 -72075.60686757
20859.55529419 457114.91413235 -72215.15299459
20843.02109888 457953.46044920 -72354.82459779
20826.41501937 458792.76412363 -72494.62081805
20809.74130566 459632.82471782 -72634.54122098
20793.00424078 460473.64262672 -72774.58581949
20776.20793263 461315.21906160 -72914.75507466
20759.35611344 462157.55599373 -73055.04987476
20742.45195672 463000.65606055 -73195.47149323
20725.49792081 463844.52243879 -73336.02152762
20708.49562693 464689.15869054 -73476.70182231
20691.44577802 465534.56858976 -73617.51437878
20674.34812249 466380.75593764 -73758.46125781
20657.20146509 467227.72437598 -73899.54447833
20640.00372458 468075.47720777 -74040.76591802
20622.75203560 468924.01723402 -74182.12722055
20605.44288984 469773.34661505 -74323.62971421
20588.07230982 470623.46676339 -74465.27434603
20570.63604655 471474.37827373 -74607.06163476
20553.12979137 472326.08089376 -74748.99164524
20535.54939136 473178.57353746 -74891.06398552
20517.89105732 474031.85434058 -75033.27782700
20500.15155391 474885.92075552 -75175.63194669
20482.32836204 475740.76968109 -75318.12478960
20464.41980517 476596.39762071 -75460.75454806
20446.42513286 477452.80086109 -75603.51925416
20428.34455701 478309.97566235 -75746.41688046
20410.17923884 479167.91844981 -75889.44544412
20391.93122690 480026.62599770 -76032.60310878
20373.60334923 480886.09559511 -76175.88827917
20355.19906488 481746.32518566 -76319.29968335
20336.72228242 482607.31347331 -76462.83643827
20318.17715457 483469.05998884 -76606.49809522
20299.56785969 484331.56511319 -76750.28466263
20280.89838140 485194.83005622 -76894.19660496
20262.17229790 486058.85679196 -77038.23481769
20243.39259217 486923.64795321 -77182.40057944
20224.56149319 487789.20669116 -77326.69548373
20205.68035658 488655.53650711 -77471.12135389
20186.74959141 489522.64106500 -77615.68014545
20167.76863721 490390.52399474 -77760.37384123
20148.73599261 491259.18869669 -77905.20434453
20129.64929452 492128.63815771 -78050.17337631
20110.50544382 492998.87478869 -78195.28238172
20091.30077101 493869.90029248 -78340.53245109
20072.03123337 494741.71556923 -78485.92425969
20052.69263298 495614.32066486 -78631.45802973
20033.28084413 496487.71476523 -78777.13351654
20013.79203781 497361.89623695 -78922.95002008
19994.22289117 498236.86271274 -79068.90642106
19974.57077043 499112.61121698 -79215.00124005
19954.83387723 499989.13832492 -79361.23271638
19935.01135015 500866.44034711 -79507.59890271
19915.10331571 501744.51352909 -79654.09777032
19895.11088565 502623.35425558 -79800.72731925
19875.03610052 503502.95924803 -79947.48568747
19854.88182213 504383.32574465 -80094.37125294
19834.65158064 505264.45165299 -80241.38272300
19814.34938427 506146.33566644 -80388.51920605
19793.97950191 507028.97733817 -80535.78026148
19773.54623050 507912.37710797 -80683.16592514
19753.05365990 508796.53628052 -80830.67670851
19732.50544826 509681.45695572 -80978.31357183
19711.90462047 510567.14191497 -81126.07787217
19691.25340087 511453.59446925 -81273.97128946
19670.55308991 512340.81827740 -81421.99573430
19649.80399158 513228.81714445 -81570.15324268
19629.00539625 514117.59481127 -81718.44586343
19608.15561988 515007.15474719 -81866.87554458
19587.25209786 515897.49995729 -82015.44402510
19566.29152833 516788.63281518 -82164.15273812
19545.27005726 517680.55493086 -82313.00273100
19524.18349505 518573.26706135 -82461.99460706
19503.02755238 519466.76906910 -82611.12849216
19481.79808225 520361.05993106 -82760.40402825
19460.49131432 521256.13779786 -82909.82039430
19439.10406827 522152.00010009 -83059.37635357
19417.63393384 523048.64369581 -83209.07032463
19396.07940712 523946.06505094 -83358.90047224
19374.43997526 524844.26044248 -83508.86481290
19352.71614431 525743.22617285 -83658.96132911
19330.90940858 526642.95878315 -83809.18808586
19309.02216290 527543.45525300 -83959.54334237
19287.05756263 528444.71317533 -84110.02565285
19265.01933928 529346.73089592 -84260.63395034
19242.91158222 530249.50760946 -84411.36760864
19220.73849913 531153.04340624 -84562.22647875
19198.50416896 532057.33926676 -84713.21089753
19176.21230195 532962.39700403 -84864.32166793
19153.86602063 533868.21915708 -85015.56001181
19131.46767488 534774.80884140 -85166.92749801
19109.01870200 535682.16956506 -85318.42594986
19086.51954027 536590.30502117 -85470.05733728
19063.96960126 537499.21886874 -85621.82366003
19041.36730290 538408.91451497 -85773.72682874
19018.71016165 539319.39491170 -85925.76855095
18995.99493840 540230.66237834 -86077.95022880
18973.21782997 541142.71846177 -86230.27287454
18950.37469479 542055.56384179 -86382.73704908
18927.46129956 542969.19828804 -86535.34282715
18904.47357233 543883.62067105 -86688.08979140
18881.40784672 544798.82902724 -86840.97705597
18858.26108270 545714.82067400 -86994.00331803
18835.03105059 546631.59236839 -87147.16693476
18811.71646703 547549.14050006 -87300.46602090
