10.00000000 0.00000000 5.00000000
9.96616426 0.17946991 6.65879996
9.79584999 0.91788788 10.48720951
9.44348757 2.11294234 14.83038177
8.91099413 3.53485828 19.14779623
8.22482497 4.96713089 23.42101182
7.41564769 6.24860192 27.65493487
6.50281492 7.30934370 31.84397400
5.49999670 8.14903011 35.99255476
4.42004563 8.79746544 40.11078778
3.27570190 9.28352151 44.20642520
2.08086990 9.62116130 48.28392088
0.85195321 9.81020806 52.34611557
-0.39228247 9.84401385 56.39514639
-1.63185244 9.71694615 60.43278551
-2.84670253 9.42835774 64.46067528
-4.01742606 8.98307855 68.48040531
-5.12557612 8.39005960 72.49342947
-6.15377738 7.66078575 76.50096784
-7.08583369 6.80828764 80.50398586
-7.90692126 5.84681213 84.50323888
-8.60385021 4.79183805 88.49933379
-9.16533360 3.66012129 92.49277605
-9.58221555 2.46961160 96.48399510
-9.84764091 1.23922810 100.47335584
-9.95717023 -0.01145270 104.46116503
-9.90884952 -1.26253927 108.44767805
-9.70324088 -2.49416329 112.43310675
-9.34341569 -3.68680116 116.41762740
-8.83490916 -4.82157768 120.40138752
-8.18563571 -5.88055391 124.38451123
-7.40576537 -6.84700017 128.36710330
-6.50756335 -7.70565241 132.34925224
-5.50519525 -8.44294857 136.33103277
-4.41450174 -9.04724070 140.31250792
-3.25274631 -9.50897842 144.29373076
-2.03834040 -9.82085999 148.27474595
-0.79055039 -9.97794803 152.25559089
0.47080905 -9.97774791 156.23629680
1.72569037 -9.82024747 160.21688954
2.95413242 -9.50791755 164.19739029
4.13657869 -9.04567324 168.17781619
5.25418959 -8.44079645 172.15818087
6.28914372 -7.70282100 176.13849493
7.22492345 -6.84338191 180.11876646
8.04658015 -5.87603138 184.09900144
8.74097464 -4.81602434 188.07920420
9.29698910 -3.68007714 192.05937784
9.70570652 -2.48610317 196.03952459
9.96055498 -1.25292977 200.01964624
10.05741404 -0.00000103 203.99974437
9.99468148 1.25292891 207.97982066
9.77329941 2.48610710 211.95987702
9.39673911 3.68009264 215.93991570
8.87094520 4.81606254 219.91993926
8.20423999 5.87610770 223.89995053
7.40718992 6.84351457 227.87995251
6.49243627 7.70302829 231.85994817
5.47449301 8.44109309 235.83994036
4.36951514 9.04606626 239.81993165
3.19504129 9.50840228 243.79992425
1.96971445 9.82080407 247.77991988
0.71298554 9.97833878 251.75991979
-0.55519589 9.97851629 255.73992470
-1.81469869 9.82132897 259.71993483
-3.04553016 9.50925220 263.69994988
-4.22815385 9.04720533 267.67996914
-5.34380033 8.44247413 271.65999150
-6.37476577 7.70459556 275.64001558
-7.30469368 6.84520699 279.62003983
-8.11883520 5.87786231 283.60006265
-8.80428378 4.81781764 287.58008254
-9.35018026 3.68179039 291.56009818
-9.74788519 2.48769535 295.54010862
-9.99111545 1.25436206 299.52011329
-10.07604300 0.00123802 303.50011207
-10.00135425 -1.25191773 307.48010534
-9.76826919 -2.48534573 311.46009386
-9.38052004 -3.67959716 315.44007877
-8.84428999 -4.81584005 319.42006141
-8.16811317 -5.87615586 323.40004324
-7.36273751 -6.84382192 327.38002569
-6.44095283 -7.70357518 331.36001005
-5.41738694 -8.44185323 335.33999739
-4.30827296 -9.04700860 339.31998850
-3.13119155 -9.50949300 343.29998383
-1.90479208 -9.82200839 347.27998353
-0.64849709 -9.97962244 351.25998743
0.61780531 -9.97984662 355.23999509
1.87407631 -9.82267555 359.22000583
3.10044354 -9.51058703 363.20001877
4.27751559 -9.04850284 367.18003291
5.38668876 -8.44371089 371.16004718
6.41044126 -7.70574999 375.14006053
7.33261020 -6.84625912 379.12007199
8.13864685 -5.87879363 383.10008075
8.81584614 -4.81861121 387.08008621
9.35354673 -3.68243119 391.06008803
9.74329843 -2.48817085 395.04008618
9.97899439 -1.25466299 399.02008091
10.05696602 -0.00135916 403.00007272
9.97603911 1.25197677 406.98006237
9.73755053 2.48558002 410.96005072
9.34532521 3.67999626 414.94003874
8.80561395 4.81638827 418.92002736
8.12699307 5.87683299 422.90001741
7.32022767 6.84460427 426.88000957
6.39810050 7.70443689 430.86000432
5.37520929 8.44276766 434.84000190
4.26773571 9.04794960 438.82000235
3.09318942 9.51043594 442.80000549
1.87013143 9.82293095 446.78001097
0.61788097 9.98050500 450.76001829
-0.64378956 9.98067242 454.74002687
-1.89496664 9.82343057 458.72003604
-3.11590984 9.51125974 462.70004513
-4.28736325 9.04908390 466.68005349
-5.39085906 8.44419277 470.66006054
-6.40900870 7.70612675 474.64006581
-7.32577666 6.84652626 478.62006896
-8.12673286 5.87894807 482.60006983
-8.79927949 4.81865148 486.58006841
-9.33284872 3.68235769 490.56006491
-9.71906823 2.48798622 494.54005966
-9.95189200 1.25437248 498.52005313
-10.02769432 0.00097087 502.50004590
-9.94532566 -1.25245180 506.48003855
-9.70612948 -2.48612794 510.46003167
-9.31391995 -3.68060086 514.44002577
-8.77492080 -4.81703164 518.42002128
-8.09766641 -5.87749635 522.40001846
-7.29286670 -6.84526888 526.38001743
-6.37323783 -7.70508497 530.36001817
-5.35330148 -8.44338309 534.34002054
-4.24915578 -9.04851851 538.32002427
-3.07822150 -9.51094701 542.30002902
-1.85896742 -9.82337546 546.28003440
-0.61061928 -9.98087677 550.26004000
0.64714319 -9.98096752 554.24004541
1.89449636 -9.82364702 558.22005028
3.11178498 -9.51139714 562.20005427
4.27983175 -9.04914313 566.18005714
5.38023934 -8.44417578 570.16005874
6.39567997 -7.70603636 574.14005899
7.31016805 -6.84636617 578.12005795
8.10931164 -5.87872288 582.10005574
8.78053864 -4.81836681 586.08005259
9.31329429 -3.68202033 590.06004878
9.69920678 -2.48760423 594.04004464
9.93221854 -1.25395518 598.02004053
10.00868102 -0.00052881 602.00003677
9.92741162 1.25290715 605.98003366
9.68971184 2.48658455 609.96003141
9.29934640 3.68104663 613.94003017
8.76248365 4.81745497 617.92002998
8.08759823 5.87788667 621.90003079
7.28533747 6.84561714 625.88003250
6.36835362 7.70538396 629.86003491
5.35110457 8.44362763 633.84003781
4.24962605 9.04870546 637.82004094
3.08127914 9.51107517 641.80004407
1.86447674 9.82344530 645.78004696
0.61839356 9.98089017 649.76004942
-0.63733588 9.98092744 653.74005130
-1.88292654 9.82355721 657.72005249
-3.09875448 9.51126192 661.70005294
-4.26566590 9.04896719 665.68005266
-5.36527875 8.44396406 669.66005172
-6.38027220 7.70579406 673.64005021
-7.29465927 6.84609873 677.62004830
-8.09403853 5.87843607 681.60004616
-8.76582073 4.81806674 685.58004398
-9.29942696 3.68171350 689.56004196
-9.68645508 2.48729749 693.54004026
-9.92081198 1.25365564 697.52003901
-9.99880947 0.00024360 701.50003832
-9.91922236 -1.25317109 705.48003821
-9.68330778 -2.48682079 709.46003868
-9.29478544 -3.68124960 713.44003966
-8.75977918 -4.81762022 717.42004103
-8.08672059 -5.87801108 721.40004267
-7.28621633 -6.84569906 725.38004442
-6.37088113 -7.70542318 729.36004612
-5.35513920 -8.44362533 733.34004765
-4.25499703 -9.04866398 737.32004888
-3.08779127 -9.51099778 741.30004974
-1.87191559 -9.82333596 745.28005017
-0.62653097 -9.98075326 749.26005017
0.62873629 -9.98076754 753.24004975
1.87410371 -9.82337894 757.22004897
3.08994440 -9.51106982 761.20004791
4.25709627 -9.04876566 765.18004667
5.35716399 -8.44375736 769.16004537
6.37280883 -7.70558634 773.14004412
7.28802188 -6.84589404 777.12004304
8.08837638 -5.87823837 781.10004223
8.76125506 -4.81787996 785.08004176
9.29604905 -3.68154147 789.06004167
9.68432523 -2.48714387 793.04004198
9.91995918 -1.25352378 797.02004265
9.99923198 -0.00013642 801.00004364
9.92088893 1.25325129 804.98004484
9.68615960 2.48687248 808.96004615
9.29873862 3.68127211 812.94004746
8.76472772 4.81761384 816.92004864
8.09253966 5.87797703 820.90004961
7.29276588 6.84563941 824.88005027
6.37800960 7.70534071 828.86005057
5.36268734 8.44352336 832.84005051
4.26280172 9.04854617 836.82005007
3.09568925 9.51086793 840.80004931
1.87974713 9.82319785 844.78004829
0.63414327 9.98061050 848.76004708
-0.62148588 9.98062351 852.74004580
-1.86734480 9.82323672 856.72004453
-3.08379102 9.51093218 860.70004339
-4.25164470 9.04863510 864.68004246
-5.35249111 8.44363612 868.66004183
-6.36897088 7.70547642 872.64004155
-7.28505379 6.84579727 876.62004165
-8.08629162 5.87815640 880.60004214
-8.76004600 4.81781425 884.58004299
-9.29568788 3.68149321 888.56004412
-9.68476531 2.48711395 892.54004547
-9.92113687 1.25351272 896.52004691
-10.00106876 0.00014427 900.50004835
-9.92329387 -1.25322500 904.48004965
-9.68903197 -2.48682877 908.46005072
-9.30197069 -3.68121256 912.44005146
-8.76820746 -4.81754052 916.42005183
-8.09615357 -5.87789240 920.40005178
-7.29640156 -6.84554622 924.38005133
-6.38155831 -7.70524186 928.36005052
-5.36604628 -8.44342172 932.34004939
-4.26587608 -9.04844448 936.32004804
-3.09839408 -9.51076871 940.30004657
-1.88200890 -9.82310331 944.28004508
-0.63590108 -9.98052253 948.26004367
0.62027929 -9.98054365 952.24004245
1.86672247 -9.82316619 956.22004150
3.08377143 -9.51087194 960.20004089
4.25223186 -9.04858585 964.18004067
5.35367485 -8.44359837 968.16004086
6.37072760 -7.70545051 972.14004145
7.28734743 -6.84578338 976.12004241
8.08907489 -5.87815455 980.10004366
8.76326194 -4.81782426 984.08004513
9.29927152 -3.68151472 988.06004670
9.68864549 -2.48714637 992.04004826
9.92523818 -1.25355517 996.02004969
10.00531346 -0.00019561 1000.00005089
